0.0909090909090909	0.0909090909090909	0.0909090909090909	0.0909090909090909	0.0909090909090909	0.0909090909090909	0.0909090909090909	0.0909090909090909	0.0909090909090909	0.0909090909090909	0.0909090909090909
0.0454545454545455	0.0454545454545455	0.0454545454545455	0.0454545454545455	0.0454545454545455	0.0454545454545455	0.0454545454545455	0.0454545454545455	0.0454545454545455	0.0454545454545455	0.545454545454545
0.0454545454545455	0.0454545454545455	0.0454545454545455	0.0454545454545455	0.0454545454545455	0.0454545454545455	0.0454545454545455	0.0454545454545455	0.0454545454545455	0.545454545454545	0.0454545454545455
0.0454545454545455	0.0454545454545455	0.0454545454545455	0.0454545454545455	0.0454545454545455	0.0454545454545455	0.0454545454545455	0.0454545454545455	0.545454545454545	0.0454545454545455	0.0454545454545455
0.0454545454545455	0.0454545454545455	0.0454545454545455	0.0454545454545455	0.0454545454545455	0.0454545454545455	0.0454545454545455	0.545454545454545	0.0454545454545455	0.0454545454545455	0.0454545454545455
0.0454545454545455	0.0454545454545455	0.0454545454545455	0.0454545454545455	0.0454545454545455	0.0454545454545455	0.545454545454545	0.0454545454545455	0.0454545454545455	0.0454545454545455	0.0454545454545455
0.0454545454545455	0.0454545454545455	0.0454545454545455	0.0454545454545455	0.0454545454545455	0.545454545454545	0.0454545454545455	0.0454545454545455	0.0454545454545455	0.0454545454545455	0.0454545454545455
0.0454545454545455	0.0454545454545455	0.0454545454545455	0.0454545454545455	0.545454545454545	0.0454545454545455	0.0454545454545455	0.0454545454545455	0.0454545454545455	0.0454545454545455	0.0454545454545455
0.0454545454545455	0.0454545454545455	0.0454545454545455	0.545454545454545	0.0454545454545455	0.0454545454545455	0.0454545454545455	0.0454545454545455	0.0454545454545455	0.0454545454545455	0.0454545454545455
0.0454545454545455	0.0454545454545455	0.545454545454545	0.0454545454545455	0.0454545454545455	0.0454545454545455	0.0454545454545455	0.0454545454545455	0.0454545454545455	0.0454545454545455	0.0454545454545455
0.0454545454545455	0.545454545454545	0.0454545454545455	0.0454545454545455	0.0454545454545455	0.0454545454545455	0.0454545454545455	0.0454545454545455	0.0454545454545455	0.0454545454545455	0.0454545454545455
0.545454545454545	0.0454545454545455	0.0454545454545455	0.0454545454545455	0.0454545454545455	0.0454545454545455	0.0454545454545455	0.0454545454545455	0.0454545454545455	0.0454545454545455	0.0454545454545455
1e-06	1e-06	1e-06	1e-06	1e-06	1e-06	1e-06	1e-06	1e-06	1e-06	1
1e-06	1e-06	1e-06	1e-06	1e-06	1e-06	1e-06	1e-06	1e-06	0.5	0.5
1e-06	1e-06	1e-06	1e-06	1e-06	1e-06	1e-06	1e-06	1e-06	1	1e-06
1e-06	1e-06	1e-06	1e-06	1e-06	1e-06	1e-06	1e-06	0.5	1e-06	0.5
1e-06	1e-06	1e-06	1e-06	1e-06	1e-06	1e-06	1e-06	0.5	0.5	1e-06
1e-06	1e-06	1e-06	1e-06	1e-06	1e-06	1e-06	1e-06	1	1e-06	1e-06
1e-06	1e-06	1e-06	1e-06	1e-06	1e-06	1e-06	0.5	1e-06	1e-06	0.5
1e-06	1e-06	1e-06	1e-06	1e-06	1e-06	1e-06	0.5	1e-06	0.5	1e-06
1e-06	1e-06	1e-06	1e-06	1e-06	1e-06	1e-06	0.5	0.5	1e-06	1e-06
1e-06	1e-06	1e-06	1e-06	1e-06	1e-06	1e-06	1	1e-06	1e-06	1e-06
1e-06	1e-06	1e-06	1e-06	1e-06	1e-06	0.5	1e-06	1e-06	1e-06	0.5
1e-06	1e-06	1e-06	1e-06	1e-06	1e-06	0.5	1e-06	1e-06	0.5	1e-06
1e-06	1e-06	1e-06	1e-06	1e-06	1e-06	0.5	1e-06	0.5	1e-06	1e-06
1e-06	1e-06	1e-06	1e-06	1e-06	1e-06	0.5	0.5	1e-06	1e-06	1e-06
1e-06	1e-06	1e-06	1e-06	1e-06	1e-06	1	1e-06	1e-06	1e-06	1e-06
1e-06	1e-06	1e-06	1e-06	1e-06	0.5	1e-06	1e-06	1e-06	1e-06	0.5
1e-06	1e-06	1e-06	1e-06	1e-06	0.5	1e-06	1e-06	1e-06	0.5	1e-06
1e-06	1e-06	1e-06	1e-06	1e-06	0.5	1e-06	1e-06	0.5	1e-06	1e-06
1e-06	1e-06	1e-06	1e-06	1e-06	0.5	1e-06	0.5	1e-06	1e-06	1e-06
1e-06	1e-06	1e-06	1e-06	1e-06	0.5	0.5	1e-06	1e-06	1e-06	1e-06
1e-06	1e-06	1e-06	1e-06	1e-06	1	1e-06	1e-06	1e-06	1e-06	1e-06
1e-06	1e-06	1e-06	1e-06	0.5	1e-06	1e-06	1e-06	1e-06	1e-06	0.5
1e-06	1e-06	1e-06	1e-06	0.5	1e-06	1e-06	1e-06	1e-06	0.5	1e-06
1e-06	1e-06	1e-06	1e-06	0.5	1e-06	1e-06	1e-06	0.5	1e-06	1e-06
1e-06	1e-06	1e-06	1e-06	0.5	1e-06	1e-06	0.5	1e-06	1e-06	1e-06
1e-06	1e-06	1e-06	1e-06	0.5	1e-06	0.5	1e-06	1e-06	1e-06	1e-06
1e-06	1e-06	1e-06	1e-06	0.5	0.5	1e-06	1e-06	1e-06	1e-06	1e-06
1e-06	1e-06	1e-06	1e-06	1	1e-06	1e-06	1e-06	1e-06	1e-06	1e-06
1e-06	1e-06	1e-06	0.5	1e-06	1e-06	1e-06	1e-06	1e-06	1e-06	0.5
1e-06	1e-06	1e-06	0.5	1e-06	1e-06	1e-06	1e-06	1e-06	0.5	1e-06
1e-06	1e-06	1e-06	0.5	1e-06	1e-06	1e-06	1e-06	0.5	1e-06	1e-06
1e-06	1e-06	1e-06	0.5	1e-06	1e-06	1e-06	0.5	1e-06	1e-06	1e-06
1e-06	1e-06	1e-06	0.5	1e-06	1e-06	0.5	1e-06	1e-06	1e-06	1e-06
1e-06	1e-06	1e-06	0.5	1e-06	0.5	1e-06	1e-06	1e-06	1e-06	1e-06
1e-06	1e-06	1e-06	0.5	0.5	1e-06	1e-06	1e-06	1e-06	1e-06	1e-06
1e-06	1e-06	1e-06	1	1e-06	1e-06	1e-06	1e-06	1e-06	1e-06	1e-06
1e-06	1e-06	0.5	1e-06	1e-06	1e-06	1e-06	1e-06	1e-06	1e-06	0.5
1e-06	1e-06	0.5	1e-06	1e-06	1e-06	1e-06	1e-06	1e-06	0.5	1e-06
1e-06	1e-06	0.5	1e-06	1e-06	1e-06	1e-06	1e-06	0.5	1e-06	1e-06
1e-06	1e-06	0.5	1e-06	1e-06	1e-06	1e-06	0.5	1e-06	1e-06	1e-06
1e-06	1e-06	0.5	1e-06	1e-06	1e-06	0.5	1e-06	1e-06	1e-06	1e-06
1e-06	1e-06	0.5	1e-06	1e-06	0.5	1e-06	1e-06	1e-06	1e-06	1e-06
1e-06	1e-06	0.5	1e-06	0.5	1e-06	1e-06	1e-06	1e-06	1e-06	1e-06
1e-06	1e-06	0.5	0.5	1e-06	1e-06	1e-06	1e-06	1e-06	1e-06	1e-06
1e-06	1e-06	1	1e-06	1e-06	1e-06	1e-06	1e-06	1e-06	1e-06	1e-06
1e-06	0.5	1e-06	1e-06	1e-06	1e-06	1e-06	1e-06	1e-06	1e-06	0.5
1e-06	0.5	1e-06	1e-06	1e-06	1e-06	1e-06	1e-06	1e-06	0.5	1e-06
1e-06	0.5	1e-06	1e-06	1e-06	1e-06	1e-06	1e-06	0.5	1e-06	1e-06
1e-06	0.5	1e-06	1e-06	1e-06	1e-06	1e-06	0.5	1e-06	1e-06	1e-06
1e-06	0.5	1e-06	1e-06	1e-06	1e-06	0.5	1e-06	1e-06	1e-06	1e-06
1e-06	0.5	1e-06	1e-06	1e-06	0.5	1e-06	1e-06	1e-06	1e-06	1e-06
1e-06	0.5	1e-06	1e-06	0.5	1e-06	1e-06	1e-06	1e-06	1e-06	1e-06
1e-06	0.5	1e-06	0.5	1e-06	1e-06	1e-06	1e-06	1e-06	1e-06	1e-06
1e-06	0.5	0.5	1e-06	1e-06	1e-06	1e-06	1e-06	1e-06	1e-06	1e-06
1e-06	1	1e-06	1e-06	1e-06	1e-06	1e-06	1e-06	1e-06	1e-06	1e-06
0.5	1e-06	1e-06	1e-06	1e-06	1e-06	1e-06	1e-06	1e-06	1e-06	0.5
0.5	1e-06	1e-06	1e-06	1e-06	1e-06	1e-06	1e-06	1e-06	0.5	1e-06
0.5	1e-06	1e-06	1e-06	1e-06	1e-06	1e-06	1e-06	0.5	1e-06	1e-06
0.5	1e-06	1e-06	1e-06	1e-06	1e-06	1e-06	0.5	1e-06	1e-06	1e-06
0.5	1e-06	1e-06	1e-06	1e-06	1e-06	0.5	1e-06	1e-06	1e-06	1e-06
0.5	1e-06	1e-06	1e-06	1e-06	0.5	1e-06	1e-06	1e-06	1e-06	1e-06
0.5	1e-06	1e-06	1e-06	0.5	1e-06	1e-06	1e-06	1e-06	1e-06	1e-06
0.5	1e-06	1e-06	0.5	1e-06	1e-06	1e-06	1e-06	1e-06	1e-06	1e-06
0.5	1e-06	0.5	1e-06	1e-06	1e-06	1e-06	1e-06	1e-06	1e-06	1e-06
0.5	0.5	1e-06	1e-06	1e-06	1e-06	1e-06	1e-06	1e-06	1e-06	1e-06
1	1e-06	1e-06	1e-06	1e-06	1e-06	1e-06	1e-06	1e-06	1e-06	1e-06
