0.0769230769230769	0.0769230769230769	0.0769230769230769	0.0769230769230769	0.0769230769230769	0.0769230769230769	0.0769230769230769	0.0769230769230769	0.0769230769230769	0.0769230769230769	0.0769230769230769	0.0769230769230769	0.0769230769230769
0.0384615384615385	0.0384615384615385	0.0384615384615385	0.0384615384615385	0.0384615384615385	0.0384615384615385	0.0384615384615385	0.0384615384615385	0.0384615384615385	0.0384615384615385	0.0384615384615385	0.0384615384615385	0.538461538461538
0.0384615384615385	0.0384615384615385	0.0384615384615385	0.0384615384615385	0.0384615384615385	0.0384615384615385	0.0384615384615385	0.0384615384615385	0.0384615384615385	0.0384615384615385	0.0384615384615385	0.538461538461538	0.0384615384615385
0.0384615384615385	0.0384615384615385	0.0384615384615385	0.0384615384615385	0.0384615384615385	0.0384615384615385	0.0384615384615385	0.0384615384615385	0.0384615384615385	0.0384615384615385	0.538461538461538	0.0384615384615385	0.0384615384615385
0.0384615384615385	0.0384615384615385	0.0384615384615385	0.0384615384615385	0.0384615384615385	0.0384615384615385	0.0384615384615385	0.0384615384615385	0.0384615384615385	0.538461538461538	0.0384615384615385	0.0384615384615385	0.0384615384615385
0.0384615384615385	0.0384615384615385	0.0384615384615385	0.0384615384615385	0.0384615384615385	0.0384615384615385	0.0384615384615385	0.0384615384615385	0.538461538461538	0.0384615384615385	0.0384615384615385	0.0384615384615385	0.0384615384615385
0.0384615384615385	0.0384615384615385	0.0384615384615385	0.0384615384615385	0.0384615384615385	0.0384615384615385	0.0384615384615385	0.538461538461538	0.0384615384615385	0.0384615384615385	0.0384615384615385	0.0384615384615385	0.0384615384615385
0.0384615384615385	0.0384615384615385	0.0384615384615385	0.0384615384615385	0.0384615384615385	0.0384615384615385	0.538461538461538	0.0384615384615385	0.0384615384615385	0.0384615384615385	0.0384615384615385	0.0384615384615385	0.0384615384615385
0.0384615384615385	0.0384615384615385	0.0384615384615385	0.0384615384615385	0.0384615384615385	0.538461538461538	0.0384615384615385	0.0384615384615385	0.0384615384615385	0.0384615384615385	0.0384615384615385	0.0384615384615385	0.0384615384615385
0.0384615384615385	0.0384615384615385	0.0384615384615385	0.0384615384615385	0.538461538461538	0.0384615384615385	0.0384615384615385	0.0384615384615385	0.0384615384615385	0.0384615384615385	0.0384615384615385	0.0384615384615385	0.0384615384615385
0.0384615384615385	0.0384615384615385	0.0384615384615385	0.538461538461538	0.0384615384615385	0.0384615384615385	0.0384615384615385	0.0384615384615385	0.0384615384615385	0.0384615384615385	0.0384615384615385	0.0384615384615385	0.0384615384615385
0.0384615384615385	0.0384615384615385	0.538461538461538	0.0384615384615385	0.0384615384615385	0.0384615384615385	0.0384615384615385	0.0384615384615385	0.0384615384615385	0.0384615384615385	0.0384615384615385	0.0384615384615385	0.0384615384615385
0.0384615384615385	0.538461538461538	0.0384615384615385	0.0384615384615385	0.0384615384615385	0.0384615384615385	0.0384615384615385	0.0384615384615385	0.0384615384615385	0.0384615384615385	0.0384615384615385	0.0384615384615385	0.0384615384615385
0.538461538461538	0.0384615384615385	0.0384615384615385	0.0384615384615385	0.0384615384615385	0.0384615384615385	0.0384615384615385	0.0384615384615385	0.0384615384615385	0.0384615384615385	0.0384615384615385	0.0384615384615385	0.0384615384615385
1e-06	1e-06	1e-06	1e-06	1e-06	1e-06	1e-06	1e-06	1e-06	1e-06	1e-06	1e-06	1
1e-06	1e-06	1e-06	1e-06	1e-06	1e-06	1e-06	1e-06	1e-06	1e-06	1e-06	0.5	0.5
1e-06	1e-06	1e-06	1e-06	1e-06	1e-06	1e-06	1e-06	1e-06	1e-06	1e-06	1	1e-06
1e-06	1e-06	1e-06	1e-06	1e-06	1e-06	1e-06	1e-06	1e-06	1e-06	0.5	1e-06	0.5
1e-06	1e-06	1e-06	1e-06	1e-06	1e-06	1e-06	1e-06	1e-06	1e-06	0.5	0.5	1e-06
1e-06	1e-06	1e-06	1e-06	1e-06	1e-06	1e-06	1e-06	1e-06	1e-06	1	1e-06	1e-06
1e-06	1e-06	1e-06	1e-06	1e-06	1e-06	1e-06	1e-06	1e-06	0.5	1e-06	1e-06	0.5
1e-06	1e-06	1e-06	1e-06	1e-06	1e-06	1e-06	1e-06	1e-06	0.5	1e-06	0.5	1e-06
1e-06	1e-06	1e-06	1e-06	1e-06	1e-06	1e-06	1e-06	1e-06	0.5	0.5	1e-06	1e-06
1e-06	1e-06	1e-06	1e-06	1e-06	1e-06	1e-06	1e-06	1e-06	1	1e-06	1e-06	1e-06
1e-06	1e-06	1e-06	1e-06	1e-06	1e-06	1e-06	1e-06	0.5	1e-06	1e-06	1e-06	0.5
1e-06	1e-06	1e-06	1e-06	1e-06	1e-06	1e-06	1e-06	0.5	1e-06	1e-06	0.5	1e-06
1e-06	1e-06	1e-06	1e-06	1e-06	1e-06	1e-06	1e-06	0.5	1e-06	0.5	1e-06	1e-06
1e-06	1e-06	1e-06	1e-06	1e-06	1e-06	1e-06	1e-06	0.5	0.5	1e-06	1e-06	1e-06
1e-06	1e-06	1e-06	1e-06	1e-06	1e-06	1e-06	1e-06	1	1e-06	1e-06	1e-06	1e-06
1e-06	1e-06	1e-06	1e-06	1e-06	1e-06	1e-06	0.5	1e-06	1e-06	1e-06	1e-06	0.5
1e-06	1e-06	1e-06	1e-06	1e-06	1e-06	1e-06	0.5	1e-06	1e-06	1e-06	0.5	1e-06
1e-06	1e-06	1e-06	1e-06	1e-06	1e-06	1e-06	0.5	1e-06	1e-06	0.5	1e-06	1e-06
1e-06	1e-06	1e-06	1e-06	1e-06	1e-06	1e-06	0.5	1e-06	0.5	1e-06	1e-06	1e-06
1e-06	1e-06	1e-06	1e-06	1e-06	1e-06	1e-06	0.5	0.5	1e-06	1e-06	1e-06	1e-06
1e-06	1e-06	1e-06	1e-06	1e-06	1e-06	1e-06	1	1e-06	1e-06	1e-06	1e-06	1e-06
1e-06	1e-06	1e-06	1e-06	1e-06	1e-06	0.5	1e-06	1e-06	1e-06	1e-06	1e-06	0.5
1e-06	1e-06	1e-06	1e-06	1e-06	1e-06	0.5	1e-06	1e-06	1e-06	1e-06	0.5	1e-06
1e-06	1e-06	1e-06	1e-06	1e-06	1e-06	0.5	1e-06	1e-06	1e-06	0.5	1e-06	1e-06
1e-06	1e-06	1e-06	1e-06	1e-06	1e-06	0.5	1e-06	1e-06	0.5	1e-06	1e-06	1e-06
1e-06	1e-06	1e-06	1e-06	1e-06	1e-06	0.5	1e-06	0.5	1e-06	1e-06	1e-06	1e-06
1e-06	1e-06	1e-06	1e-06	1e-06	1e-06	0.5	0.5	1e-06	1e-06	1e-06	1e-06	1e-06
1e-06	1e-06	1e-06	1e-06	1e-06	1e-06	1	1e-06	1e-06	1e-06	1e-06	1e-06	1e-06
1e-06	1e-06	1e-06	1e-06	1e-06	0.5	1e-06	1e-06	1e-06	1e-06	1e-06	1e-06	0.5
1e-06	1e-06	1e-06	1e-06	1e-06	0.5	1e-06	1e-06	1e-06	1e-06	1e-06	0.5	1e-06
1e-06	1e-06	1e-06	1e-06	1e-06	0.5	1e-06	1e-06	1e-06	1e-06	0.5	1e-06	1e-06
1e-06	1e-06	1e-06	1e-06	1e-06	0.5	1e-06	1e-06	1e-06	0.5	1e-06	1e-06	1e-06
1e-06	1e-06	1e-06	1e-06	1e-06	0.5	1e-06	1e-06	0.5	1e-06	1e-06	1e-06	1e-06
1e-06	1e-06	1e-06	1e-06	1e-06	0.5	1e-06	0.5	1e-06	1e-06	1e-06	1e-06	1e-06
1e-06	1e-06	1e-06	1e-06	1e-06	0.5	0.5	1e-06	1e-06	1e-06	1e-06	1e-06	1e-06
1e-06	1e-06	1e-06	1e-06	1e-06	1	1e-06	1e-06	1e-06	1e-06	1e-06	1e-06	1e-06
1e-06	1e-06	1e-06	1e-06	0.5	1e-06	1e-06	1e-06	1e-06	1e-06	1e-06	1e-06	0.5
1e-06	1e-06	1e-06	1e-06	0.5	1e-06	1e-06	1e-06	1e-06	1e-06	1e-06	0.5	1e-06
1e-06	1e-06	1e-06	1e-06	0.5	1e-06	1e-06	1e-06	1e-06	1e-06	0.5	1e-06	1e-06
1e-06	1e-06	1e-06	1e-06	0.5	1e-06	1e-06	1e-06	1e-06	0.5	1e-06	1e-06	1e-06
1e-06	1e-06	1e-06	1e-06	0.5	1e-06	1e-06	1e-06	0.5	1e-06	1e-06	1e-06	1e-06
1e-06	1e-06	1e-06	1e-06	0.5	1e-06	1e-06	0.5	1e-06	1e-06	1e-06	1e-06	1e-06
1e-06	1e-06	1e-06	1e-06	0.5	1e-06	0.5	1e-06	1e-06	1e-06	1e-06	1e-06	1e-06
1e-06	1e-06	1e-06	1e-06	0.5	0.5	1e-06	1e-06	1e-06	1e-06	1e-06	1e-06	1e-06
1e-06	1e-06	1e-06	1e-06	1	1e-06	1e-06	1e-06	1e-06	1e-06	1e-06	1e-06	1e-06
1e-06	1e-06	1e-06	0.5	1e-06	1e-06	1e-06	1e-06	1e-06	1e-06	1e-06	1e-06	0.5
1e-06	1e-06	1e-06	0.5	1e-06	1e-06	1e-06	1e-06	1e-06	1e-06	1e-06	0.5	1e-06
1e-06	1e-06	1e-06	0.5	1e-06	1e-06	1e-06	1e-06	1e-06	1e-06	0.5	1e-06	1e-06
1e-06	1e-06	1e-06	0.5	1e-06	1e-06	1e-06	1e-06	1e-06	0.5	1e-06	1e-06	1e-06
1e-06	1e-06	1e-06	0.5	1e-06	1e-06	1e-06	1e-06	0.5	1e-06	1e-06	1e-06	1e-06
1e-06	1e-06	1e-06	0.5	1e-06	1e-06	1e-06	0.5	1e-06	1e-06	1e-06	1e-06	1e-06
1e-06	1e-06	1e-06	0.5	1e-06	1e-06	0.5	1e-06	1e-06	1e-06	1e-06	1e-06	1e-06
1e-06	1e-06	1e-06	0.5	1e-06	0.5	1e-06	1e-06	1e-06	1e-06	1e-06	1e-06	1e-06
1e-06	1e-06	1e-06	0.5	0.5	1e-06	1e-06	1e-06	1e-06	1e-06	1e-06	1e-06	1e-06
1e-06	1e-06	1e-06	1	1e-06	1e-06	1e-06	1e-06	1e-06	1e-06	1e-06	1e-06	1e-06
1e-06	1e-06	0.5	1e-06	1e-06	1e-06	1e-06	1e-06	1e-06	1e-06	1e-06	1e-06	0.5
1e-06	1e-06	0.5	1e-06	1e-06	1e-06	1e-06	1e-06	1e-06	1e-06	1e-06	0.5	1e-06
1e-06	1e-06	0.5	1e-06	1e-06	1e-06	1e-06	1e-06	1e-06	1e-06	0.5	1e-06	1e-06
1e-06	1e-06	0.5	1e-06	1e-06	1e-06	1e-06	1e-06	1e-06	0.5	1e-06	1e-06	1e-06
1e-06	1e-06	0.5	1e-06	1e-06	1e-06	1e-06	1e-06	0.5	1e-06	1e-06	1e-06	1e-06
1e-06	1e-06	0.5	1e-06	1e-06	1e-06	1e-06	0.5	1e-06	1e-06	1e-06	1e-06	1e-06
1e-06	1e-06	0.5	1e-06	1e-06	1e-06	0.5	1e-06	1e-06	1e-06	1e-06	1e-06	1e-06
1e-06	1e-06	0.5	1e-06	1e-06	0.5	1e-06	1e-06	1e-06	1e-06	1e-06	1e-06	1e-06
1e-06	1e-06	0.5	1e-06	0.5	1e-06	1e-06	1e-06	1e-06	1e-06	1e-06	1e-06	1e-06
1e-06	1e-06	0.5	0.5	1e-06	1e-06	1e-06	1e-06	1e-06	1e-06	1e-06	1e-06	1e-06
1e-06	1e-06	1	1e-06	1e-06	1e-06	1e-06	1e-06	1e-06	1e-06	1e-06	1e-06	1e-06
1e-06	0.5	1e-06	1e-06	1e-06	1e-06	1e-06	1e-06	1e-06	1e-06	1e-06	1e-06	0.5
1e-06	0.5	1e-06	1e-06	1e-06	1e-06	1e-06	1e-06	1e-06	1e-06	1e-06	0.5	1e-06
1e-06	0.5	1e-06	1e-06	1e-06	1e-06	1e-06	1e-06	1e-06	1e-06	0.5	1e-06	1e-06
1e-06	0.5	1e-06	1e-06	1e-06	1e-06	1e-06	1e-06	1e-06	0.5	1e-06	1e-06	1e-06
1e-06	0.5	1e-06	1e-06	1e-06	1e-06	1e-06	1e-06	0.5	1e-06	1e-06	1e-06	1e-06
1e-06	0.5	1e-06	1e-06	1e-06	1e-06	1e-06	0.5	1e-06	1e-06	1e-06	1e-06	1e-06
1e-06	0.5	1e-06	1e-06	1e-06	1e-06	0.5	1e-06	1e-06	1e-06	1e-06	1e-06	1e-06
1e-06	0.5	1e-06	1e-06	1e-06	0.5	1e-06	1e-06	1e-06	1e-06	1e-06	1e-06	1e-06
1e-06	0.5	1e-06	1e-06	0.5	1e-06	1e-06	1e-06	1e-06	1e-06	1e-06	1e-06	1e-06
1e-06	0.5	1e-06	0.5	1e-06	1e-06	1e-06	1e-06	1e-06	1e-06	1e-06	1e-06	1e-06
1e-06	0.5	0.5	1e-06	1e-06	1e-06	1e-06	1e-06	1e-06	1e-06	1e-06	1e-06	1e-06
1e-06	1	1e-06	1e-06	1e-06	1e-06	1e-06	1e-06	1e-06	1e-06	1e-06	1e-06	1e-06
0.5	1e-06	1e-06	1e-06	1e-06	1e-06	1e-06	1e-06	1e-06	1e-06	1e-06	1e-06	0.5
0.5	1e-06	1e-06	1e-06	1e-06	1e-06	1e-06	1e-06	1e-06	1e-06	1e-06	0.5	1e-06
0.5	1e-06	1e-06	1e-06	1e-06	1e-06	1e-06	1e-06	1e-06	1e-06	0.5	1e-06	1e-06
0.5	1e-06	1e-06	1e-06	1e-06	1e-06	1e-06	1e-06	1e-06	0.5	1e-06	1e-06	1e-06
0.5	1e-06	1e-06	1e-06	1e-06	1e-06	1e-06	1e-06	0.5	1e-06	1e-06	1e-06	1e-06
0.5	1e-06	1e-06	1e-06	1e-06	1e-06	1e-06	0.5	1e-06	1e-06	1e-06	1e-06	1e-06
0.5	1e-06	1e-06	1e-06	1e-06	1e-06	0.5	1e-06	1e-06	1e-06	1e-06	1e-06	1e-06
0.5	1e-06	1e-06	1e-06	1e-06	0.5	1e-06	1e-06	1e-06	1e-06	1e-06	1e-06	1e-06
0.5	1e-06	1e-06	1e-06	0.5	1e-06	1e-06	1e-06	1e-06	1e-06	1e-06	1e-06	1e-06
0.5	1e-06	1e-06	0.5	1e-06	1e-06	1e-06	1e-06	1e-06	1e-06	1e-06	1e-06	1e-06
0.5	1e-06	0.5	1e-06	1e-06	1e-06	1e-06	1e-06	1e-06	1e-06	1e-06	1e-06	1e-06
0.5	0.5	1e-06	1e-06	1e-06	1e-06	1e-06	1e-06	1e-06	1e-06	1e-06	1e-06	1e-06
1	1e-06	1e-06	1e-06	1e-06	1e-06	1e-06	1e-06	1e-06	1e-06	1e-06	1e-06	1e-06
