0.111111111111111	0.111111111111111	0.111111111111111	0.111111111111111	0.111111111111111	0.111111111111111	0.111111111111111	0.111111111111111	0.111111111111111
0.0833333333333333	0.0833333333333333	0.0833333333333333	0.0833333333333333	0.0833333333333333	0.0833333333333333	0.0833333333333333	0.0833333333333333	0.333333333333333
0.0833333333333333	0.0833333333333333	0.0833333333333333	0.0833333333333333	0.0833333333333333	0.0833333333333333	0.0833333333333333	0.333333333333333	0.0833333333333333
0.0833333333333333	0.0833333333333333	0.0833333333333333	0.0833333333333333	0.0833333333333333	0.0833333333333333	0.333333333333333	0.0833333333333333	0.0833333333333333
0.0833333333333333	0.0833333333333333	0.0833333333333333	0.0833333333333333	0.0833333333333333	0.333333333333333	0.0833333333333333	0.0833333333333333	0.0833333333333333
0.0833333333333333	0.0833333333333333	0.0833333333333333	0.0833333333333333	0.333333333333333	0.0833333333333333	0.0833333333333333	0.0833333333333333	0.0833333333333333
0.0833333333333333	0.0833333333333333	0.0833333333333333	0.333333333333333	0.0833333333333333	0.0833333333333333	0.0833333333333333	0.0833333333333333	0.0833333333333333
0.0833333333333333	0.0833333333333333	0.333333333333333	0.0833333333333333	0.0833333333333333	0.0833333333333333	0.0833333333333333	0.0833333333333333	0.0833333333333333
0.0833333333333333	0.333333333333333	0.0833333333333333	0.0833333333333333	0.0833333333333333	0.0833333333333333	0.0833333333333333	0.0833333333333333	0.0833333333333333
0.333333333333333	0.0833333333333333	0.0833333333333333	0.0833333333333333	0.0833333333333333	0.0833333333333333	0.0833333333333333	0.0833333333333333	0.0833333333333333
0.0555555555555556	0.0555555555555556	0.0555555555555556	0.0555555555555556	0.0555555555555556	0.0555555555555556	0.0555555555555556	0.0555555555555556	0.555555555555556
0.0555555555555556	0.0555555555555556	0.0555555555555556	0.0555555555555556	0.0555555555555556	0.0555555555555556	0.0555555555555556	0.305555555555556	0.305555555555556
0.0555555555555556	0.0555555555555556	0.0555555555555556	0.0555555555555556	0.0555555555555556	0.0555555555555556	0.0555555555555556	0.555555555555556	0.0555555555555556
0.0555555555555556	0.0555555555555556	0.0555555555555556	0.0555555555555556	0.0555555555555556	0.0555555555555556	0.305555555555556	0.0555555555555556	0.305555555555556
0.0555555555555556	0.0555555555555556	0.0555555555555556	0.0555555555555556	0.0555555555555556	0.0555555555555556	0.305555555555556	0.305555555555556	0.0555555555555556
0.0555555555555556	0.0555555555555556	0.0555555555555556	0.0555555555555556	0.0555555555555556	0.0555555555555556	0.555555555555556	0.0555555555555556	0.0555555555555556
0.0555555555555556	0.0555555555555556	0.0555555555555556	0.0555555555555556	0.0555555555555556	0.305555555555556	0.0555555555555556	0.0555555555555556	0.305555555555556
0.0555555555555556	0.0555555555555556	0.0555555555555556	0.0555555555555556	0.0555555555555556	0.305555555555556	0.0555555555555556	0.305555555555556	0.0555555555555556
0.0555555555555556	0.0555555555555556	0.0555555555555556	0.0555555555555556	0.0555555555555556	0.305555555555556	0.305555555555556	0.0555555555555556	0.0555555555555556
0.0555555555555556	0.0555555555555556	0.0555555555555556	0.0555555555555556	0.0555555555555556	0.555555555555556	0.0555555555555556	0.0555555555555556	0.0555555555555556
0.0555555555555556	0.0555555555555556	0.0555555555555556	0.0555555555555556	0.305555555555556	0.0555555555555556	0.0555555555555556	0.0555555555555556	0.305555555555556
0.0555555555555556	0.0555555555555556	0.0555555555555556	0.0555555555555556	0.305555555555556	0.0555555555555556	0.0555555555555556	0.305555555555556	0.0555555555555556
0.0555555555555556	0.0555555555555556	0.0555555555555556	0.0555555555555556	0.305555555555556	0.0555555555555556	0.305555555555556	0.0555555555555556	0.0555555555555556
0.0555555555555556	0.0555555555555556	0.0555555555555556	0.0555555555555556	0.305555555555556	0.305555555555556	0.0555555555555556	0.0555555555555556	0.0555555555555556
0.0555555555555556	0.0555555555555556	0.0555555555555556	0.0555555555555556	0.555555555555556	0.0555555555555556	0.0555555555555556	0.0555555555555556	0.0555555555555556
0.0555555555555556	0.0555555555555556	0.0555555555555556	0.305555555555556	0.0555555555555556	0.0555555555555556	0.0555555555555556	0.0555555555555556	0.305555555555556
0.0555555555555556	0.0555555555555556	0.0555555555555556	0.305555555555556	0.0555555555555556	0.0555555555555556	0.0555555555555556	0.305555555555556	0.0555555555555556
0.0555555555555556	0.0555555555555556	0.0555555555555556	0.305555555555556	0.0555555555555556	0.0555555555555556	0.305555555555556	0.0555555555555556	0.0555555555555556
0.0555555555555556	0.0555555555555556	0.0555555555555556	0.305555555555556	0.0555555555555556	0.305555555555556	0.0555555555555556	0.0555555555555556	0.0555555555555556
0.0555555555555556	0.0555555555555556	0.0555555555555556	0.305555555555556	0.305555555555556	0.0555555555555556	0.0555555555555556	0.0555555555555556	0.0555555555555556
0.0555555555555556	0.0555555555555556	0.0555555555555556	0.555555555555556	0.0555555555555556	0.0555555555555556	0.0555555555555556	0.0555555555555556	0.0555555555555556
0.0555555555555556	0.0555555555555556	0.305555555555556	0.0555555555555556	0.0555555555555556	0.0555555555555556	0.0555555555555556	0.0555555555555556	0.305555555555556
0.0555555555555556	0.0555555555555556	0.305555555555556	0.0555555555555556	0.0555555555555556	0.0555555555555556	0.0555555555555556	0.305555555555556	0.0555555555555556
0.0555555555555556	0.0555555555555556	0.305555555555556	0.0555555555555556	0.0555555555555556	0.0555555555555556	0.305555555555556	0.0555555555555556	0.0555555555555556
0.0555555555555556	0.0555555555555556	0.305555555555556	0.0555555555555556	0.0555555555555556	0.305555555555556	0.0555555555555556	0.0555555555555556	0.0555555555555556
0.0555555555555556	0.0555555555555556	0.305555555555556	0.0555555555555556	0.305555555555556	0.0555555555555556	0.0555555555555556	0.0555555555555556	0.0555555555555556
0.0555555555555556	0.0555555555555556	0.305555555555556	0.305555555555556	0.0555555555555556	0.0555555555555556	0.0555555555555556	0.0555555555555556	0.0555555555555556
0.0555555555555556	0.0555555555555556	0.555555555555556	0.0555555555555556	0.0555555555555556	0.0555555555555556	0.0555555555555556	0.0555555555555556	0.0555555555555556
0.0555555555555556	0.305555555555556	0.0555555555555556	0.0555555555555556	0.0555555555555556	0.0555555555555556	0.0555555555555556	0.0555555555555556	0.305555555555556
0.0555555555555556	0.305555555555556	0.0555555555555556	0.0555555555555556	0.0555555555555556	0.0555555555555556	0.0555555555555556	0.305555555555556	0.0555555555555556
0.0555555555555556	0.305555555555556	0.0555555555555556	0.0555555555555556	0.0555555555555556	0.0555555555555556	0.305555555555556	0.0555555555555556	0.0555555555555556
0.0555555555555556	0.305555555555556	0.0555555555555556	0.0555555555555556	0.0555555555555556	0.305555555555556	0.0555555555555556	0.0555555555555556	0.0555555555555556
0.0555555555555556	0.305555555555556	0.0555555555555556	0.0555555555555556	0.305555555555556	0.0555555555555556	0.0555555555555556	0.0555555555555556	0.0555555555555556
0.0555555555555556	0.305555555555556	0.0555555555555556	0.305555555555556	0.0555555555555556	0.0555555555555556	0.0555555555555556	0.0555555555555556	0.0555555555555556
0.0555555555555556	0.305555555555556	0.305555555555556	0.0555555555555556	0.0555555555555556	0.0555555555555556	0.0555555555555556	0.0555555555555556	0.0555555555555556
0.0555555555555556	0.555555555555556	0.0555555555555556	0.0555555555555556	0.0555555555555556	0.0555555555555556	0.0555555555555556	0.0555555555555556	0.0555555555555556
0.305555555555556	0.0555555555555556	0.0555555555555556	0.0555555555555556	0.0555555555555556	0.0555555555555556	0.0555555555555556	0.0555555555555556	0.305555555555556
0.305555555555556	0.0555555555555556	0.0555555555555556	0.0555555555555556	0.0555555555555556	0.0555555555555556	0.0555555555555556	0.305555555555556	0.0555555555555556
0.305555555555556	0.0555555555555556	0.0555555555555556	0.0555555555555556	0.0555555555555556	0.0555555555555556	0.305555555555556	0.0555555555555556	0.0555555555555556
0.305555555555556	0.0555555555555556	0.0555555555555556	0.0555555555555556	0.0555555555555556	0.305555555555556	0.0555555555555556	0.0555555555555556	0.0555555555555556
0.305555555555556	0.0555555555555556	0.0555555555555556	0.0555555555555556	0.305555555555556	0.0555555555555556	0.0555555555555556	0.0555555555555556	0.0555555555555556
0.305555555555556	0.0555555555555556	0.0555555555555556	0.305555555555556	0.0555555555555556	0.0555555555555556	0.0555555555555556	0.0555555555555556	0.0555555555555556
0.305555555555556	0.0555555555555556	0.305555555555556	0.0555555555555556	0.0555555555555556	0.0555555555555556	0.0555555555555556	0.0555555555555556	0.0555555555555556
0.305555555555556	0.305555555555556	0.0555555555555556	0.0555555555555556	0.0555555555555556	0.0555555555555556	0.0555555555555556	0.0555555555555556	0.0555555555555556
0.555555555555556	0.0555555555555556	0.0555555555555556	0.0555555555555556	0.0555555555555556	0.0555555555555556	0.0555555555555556	0.0555555555555556	0.0555555555555556
0.0277777777777778	0.0277777777777778	0.0277777777777778	0.0277777777777778	0.0277777777777778	0.0277777777777778	0.0277777777777778	0.0277777777777778	0.777777777777778
0.0277777777777778	0.0277777777777778	0.0277777777777778	0.0277777777777778	0.0277777777777778	0.0277777777777778	0.0277777777777778	0.277777777777778	0.527777777777778
0.0277777777777778	0.0277777777777778	0.0277777777777778	0.0277777777777778	0.0277777777777778	0.0277777777777778	0.0277777777777778	0.527777777777778	0.277777777777778
0.0277777777777778	0.0277777777777778	0.0277777777777778	0.0277777777777778	0.0277777777777778	0.0277777777777778	0.0277777777777778	0.777777777777778	0.0277777777777778
0.0277777777777778	0.0277777777777778	0.0277777777777778	0.0277777777777778	0.0277777777777778	0.0277777777777778	0.277777777777778	0.0277777777777778	0.527777777777778
0.0277777777777778	0.0277777777777778	0.0277777777777778	0.0277777777777778	0.0277777777777778	0.0277777777777778	0.277777777777778	0.277777777777778	0.277777777777778
0.0277777777777778	0.0277777777777778	0.0277777777777778	0.0277777777777778	0.0277777777777778	0.0277777777777778	0.277777777777778	0.527777777777778	0.0277777777777778
0.0277777777777778	0.0277777777777778	0.0277777777777778	0.0277777777777778	0.0277777777777778	0.0277777777777778	0.527777777777778	0.0277777777777778	0.277777777777778
0.0277777777777778	0.0277777777777778	0.0277777777777778	0.0277777777777778	0.0277777777777778	0.0277777777777778	0.527777777777778	0.277777777777778	0.0277777777777778
0.0277777777777778	0.0277777777777778	0.0277777777777778	0.0277777777777778	0.0277777777777778	0.0277777777777778	0.777777777777778	0.0277777777777778	0.0277777777777778
0.0277777777777778	0.0277777777777778	0.0277777777777778	0.0277777777777778	0.0277777777777778	0.277777777777778	0.0277777777777778	0.0277777777777778	0.527777777777778
0.0277777777777778	0.0277777777777778	0.0277777777777778	0.0277777777777778	0.0277777777777778	0.277777777777778	0.0277777777777778	0.277777777777778	0.277777777777778
0.0277777777777778	0.0277777777777778	0.0277777777777778	0.0277777777777778	0.0277777777777778	0.277777777777778	0.0277777777777778	0.527777777777778	0.0277777777777778
0.0277777777777778	0.0277777777777778	0.0277777777777778	0.0277777777777778	0.0277777777777778	0.277777777777778	0.277777777777778	0.0277777777777778	0.277777777777778
0.0277777777777778	0.0277777777777778	0.0277777777777778	0.0277777777777778	0.0277777777777778	0.277777777777778	0.277777777777778	0.277777777777778	0.0277777777777778
0.0277777777777778	0.0277777777777778	0.0277777777777778	0.0277777777777778	0.0277777777777778	0.277777777777778	0.527777777777778	0.0277777777777778	0.0277777777777778
0.0277777777777778	0.0277777777777778	0.0277777777777778	0.0277777777777778	0.0277777777777778	0.527777777777778	0.0277777777777778	0.0277777777777778	0.277777777777778
0.0277777777777778	0.0277777777777778	0.0277777777777778	0.0277777777777778	0.0277777777777778	0.527777777777778	0.0277777777777778	0.277777777777778	0.0277777777777778
0.0277777777777778	0.0277777777777778	0.0277777777777778	0.0277777777777778	0.0277777777777778	0.527777777777778	0.277777777777778	0.0277777777777778	0.0277777777777778
0.0277777777777778	0.0277777777777778	0.0277777777777778	0.0277777777777778	0.0277777777777778	0.777777777777778	0.0277777777777778	0.0277777777777778	0.0277777777777778
0.0277777777777778	0.0277777777777778	0.0277777777777778	0.0277777777777778	0.277777777777778	0.0277777777777778	0.0277777777777778	0.0277777777777778	0.527777777777778
0.0277777777777778	0.0277777777777778	0.0277777777777778	0.0277777777777778	0.277777777777778	0.0277777777777778	0.0277777777777778	0.277777777777778	0.277777777777778
0.0277777777777778	0.0277777777777778	0.0277777777777778	0.0277777777777778	0.277777777777778	0.0277777777777778	0.0277777777777778	0.527777777777778	0.0277777777777778
0.0277777777777778	0.0277777777777778	0.0277777777777778	0.0277777777777778	0.277777777777778	0.0277777777777778	0.277777777777778	0.0277777777777778	0.277777777777778
0.0277777777777778	0.0277777777777778	0.0277777777777778	0.0277777777777778	0.277777777777778	0.0277777777777778	0.277777777777778	0.277777777777778	0.0277777777777778
0.0277777777777778	0.0277777777777778	0.0277777777777778	0.0277777777777778	0.277777777777778	0.0277777777777778	0.527777777777778	0.0277777777777778	0.0277777777777778
0.0277777777777778	0.0277777777777778	0.0277777777777778	0.0277777777777778	0.277777777777778	0.277777777777778	0.0277777777777778	0.0277777777777778	0.277777777777778
0.0277777777777778	0.0277777777777778	0.0277777777777778	0.0277777777777778	0.277777777777778	0.277777777777778	0.0277777777777778	0.277777777777778	0.0277777777777778
0.0277777777777778	0.0277777777777778	0.0277777777777778	0.0277777777777778	0.277777777777778	0.277777777777778	0.277777777777778	0.0277777777777778	0.0277777777777778
0.0277777777777778	0.0277777777777778	0.0277777777777778	0.0277777777777778	0.277777777777778	0.527777777777778	0.0277777777777778	0.0277777777777778	0.0277777777777778
0.0277777777777778	0.0277777777777778	0.0277777777777778	0.0277777777777778	0.527777777777778	0.0277777777777778	0.0277777777777778	0.0277777777777778	0.277777777777778
0.0277777777777778	0.0277777777777778	0.0277777777777778	0.0277777777777778	0.527777777777778	0.0277777777777778	0.0277777777777778	0.277777777777778	0.0277777777777778
0.0277777777777778	0.0277777777777778	0.0277777777777778	0.0277777777777778	0.527777777777778	0.0277777777777778	0.277777777777778	0.0277777777777778	0.0277777777777778
0.0277777777777778	0.0277777777777778	0.0277777777777778	0.0277777777777778	0.527777777777778	0.277777777777778	0.0277777777777778	0.0277777777777778	0.0277777777777778
0.0277777777777778	0.0277777777777778	0.0277777777777778	0.0277777777777778	0.777777777777778	0.0277777777777778	0.0277777777777778	0.0277777777777778	0.0277777777777778
0.0277777777777778	0.0277777777777778	0.0277777777777778	0.277777777777778	0.0277777777777778	0.0277777777777778	0.0277777777777778	0.0277777777777778	0.527777777777778
0.0277777777777778	0.0277777777777778	0.0277777777777778	0.277777777777778	0.0277777777777778	0.0277777777777778	0.0277777777777778	0.277777777777778	0.277777777777778
0.0277777777777778	0.0277777777777778	0.0277777777777778	0.277777777777778	0.0277777777777778	0.0277777777777778	0.0277777777777778	0.527777777777778	0.0277777777777778
0.0277777777777778	0.0277777777777778	0.0277777777777778	0.277777777777778	0.0277777777777778	0.0277777777777778	0.277777777777778	0.0277777777777778	0.277777777777778
0.0277777777777778	0.0277777777777778	0.0277777777777778	0.277777777777778	0.0277777777777778	0.0277777777777778	0.277777777777778	0.277777777777778	0.0277777777777778
0.0277777777777778	0.0277777777777778	0.0277777777777778	0.277777777777778	0.0277777777777778	0.0277777777777778	0.527777777777778	0.0277777777777778	0.0277777777777778
0.0277777777777778	0.0277777777777778	0.0277777777777778	0.277777777777778	0.0277777777777778	0.277777777777778	0.0277777777777778	0.0277777777777778	0.277777777777778
0.0277777777777778	0.0277777777777778	0.0277777777777778	0.277777777777778	0.0277777777777778	0.277777777777778	0.0277777777777778	0.277777777777778	0.0277777777777778
0.0277777777777778	0.0277777777777778	0.0277777777777778	0.277777777777778	0.0277777777777778	0.277777777777778	0.277777777777778	0.0277777777777778	0.0277777777777778
0.0277777777777778	0.0277777777777778	0.0277777777777778	0.277777777777778	0.0277777777777778	0.527777777777778	0.0277777777777778	0.0277777777777778	0.0277777777777778
0.0277777777777778	0.0277777777777778	0.0277777777777778	0.277777777777778	0.277777777777778	0.0277777777777778	0.0277777777777778	0.0277777777777778	0.277777777777778
0.0277777777777778	0.0277777777777778	0.0277777777777778	0.277777777777778	0.277777777777778	0.0277777777777778	0.0277777777777778	0.277777777777778	0.0277777777777778
0.0277777777777778	0.0277777777777778	0.0277777777777778	0.277777777777778	0.277777777777778	0.0277777777777778	0.277777777777778	0.0277777777777778	0.0277777777777778
0.0277777777777778	0.0277777777777778	0.0277777777777778	0.277777777777778	0.277777777777778	0.277777777777778	0.0277777777777778	0.0277777777777778	0.0277777777777778
0.0277777777777778	0.0277777777777778	0.0277777777777778	0.277777777777778	0.527777777777778	0.0277777777777778	0.0277777777777778	0.0277777777777778	0.0277777777777778
0.0277777777777778	0.0277777777777778	0.0277777777777778	0.527777777777778	0.0277777777777778	0.0277777777777778	0.0277777777777778	0.0277777777777778	0.277777777777778
0.0277777777777778	0.0277777777777778	0.0277777777777778	0.527777777777778	0.0277777777777778	0.0277777777777778	0.0277777777777778	0.277777777777778	0.0277777777777778
0.0277777777777778	0.0277777777777778	0.0277777777777778	0.527777777777778	0.0277777777777778	0.0277777777777778	0.277777777777778	0.0277777777777778	0.0277777777777778
0.0277777777777778	0.0277777777777778	0.0277777777777778	0.527777777777778	0.0277777777777778	0.277777777777778	0.0277777777777778	0.0277777777777778	0.0277777777777778
0.0277777777777778	0.0277777777777778	0.0277777777777778	0.527777777777778	0.277777777777778	0.0277777777777778	0.0277777777777778	0.0277777777777778	0.0277777777777778
0.0277777777777778	0.0277777777777778	0.0277777777777778	0.777777777777778	0.0277777777777778	0.0277777777777778	0.0277777777777778	0.0277777777777778	0.0277777777777778
0.0277777777777778	0.0277777777777778	0.277777777777778	0.0277777777777778	0.0277777777777778	0.0277777777777778	0.0277777777777778	0.0277777777777778	0.527777777777778
0.0277777777777778	0.0277777777777778	0.277777777777778	0.0277777777777778	0.0277777777777778	0.0277777777777778	0.0277777777777778	0.277777777777778	0.277777777777778
0.0277777777777778	0.0277777777777778	0.277777777777778	0.0277777777777778	0.0277777777777778	0.0277777777777778	0.0277777777777778	0.527777777777778	0.0277777777777778
0.0277777777777778	0.0277777777777778	0.277777777777778	0.0277777777777778	0.0277777777777778	0.0277777777777778	0.277777777777778	0.0277777777777778	0.277777777777778
0.0277777777777778	0.0277777777777778	0.277777777777778	0.0277777777777778	0.0277777777777778	0.0277777777777778	0.277777777777778	0.277777777777778	0.0277777777777778
0.0277777777777778	0.0277777777777778	0.277777777777778	0.0277777777777778	0.0277777777777778	0.0277777777777778	0.527777777777778	0.0277777777777778	0.0277777777777778
0.0277777777777778	0.0277777777777778	0.277777777777778	0.0277777777777778	0.0277777777777778	0.277777777777778	0.0277777777777778	0.0277777777777778	0.277777777777778
0.0277777777777778	0.0277777777777778	0.277777777777778	0.0277777777777778	0.0277777777777778	0.277777777777778	0.0277777777777778	0.277777777777778	0.0277777777777778
0.0277777777777778	0.0277777777777778	0.277777777777778	0.0277777777777778	0.0277777777777778	0.277777777777778	0.277777777777778	0.0277777777777778	0.0277777777777778
0.0277777777777778	0.0277777777777778	0.277777777777778	0.0277777777777778	0.0277777777777778	0.527777777777778	0.0277777777777778	0.0277777777777778	0.0277777777777778
0.0277777777777778	0.0277777777777778	0.277777777777778	0.0277777777777778	0.277777777777778	0.0277777777777778	0.0277777777777778	0.0277777777777778	0.277777777777778
0.0277777777777778	0.0277777777777778	0.277777777777778	0.0277777777777778	0.277777777777778	0.0277777777777778	0.0277777777777778	0.277777777777778	0.0277777777777778
0.0277777777777778	0.0277777777777778	0.277777777777778	0.0277777777777778	0.277777777777778	0.0277777777777778	0.277777777777778	0.0277777777777778	0.0277777777777778
0.0277777777777778	0.0277777777777778	0.277777777777778	0.0277777777777778	0.277777777777778	0.277777777777778	0.0277777777777778	0.0277777777777778	0.0277777777777778
0.0277777777777778	0.0277777777777778	0.277777777777778	0.0277777777777778	0.527777777777778	0.0277777777777778	0.0277777777777778	0.0277777777777778	0.0277777777777778
0.0277777777777778	0.0277777777777778	0.277777777777778	0.277777777777778	0.0277777777777778	0.0277777777777778	0.0277777777777778	0.0277777777777778	0.277777777777778
0.0277777777777778	0.0277777777777778	0.277777777777778	0.277777777777778	0.0277777777777778	0.0277777777777778	0.0277777777777778	0.277777777777778	0.0277777777777778
0.0277777777777778	0.0277777777777778	0.277777777777778	0.277777777777778	0.0277777777777778	0.0277777777777778	0.277777777777778	0.0277777777777778	0.0277777777777778
0.0277777777777778	0.0277777777777778	0.277777777777778	0.277777777777778	0.0277777777777778	0.277777777777778	0.0277777777777778	0.0277777777777778	0.0277777777777778
0.0277777777777778	0.0277777777777778	0.277777777777778	0.277777777777778	0.277777777777778	0.0277777777777778	0.0277777777777778	0.0277777777777778	0.0277777777777778
0.0277777777777778	0.0277777777777778	0.277777777777778	0.527777777777778	0.0277777777777778	0.0277777777777778	0.0277777777777778	0.0277777777777778	0.0277777777777778
0.0277777777777778	0.0277777777777778	0.527777777777778	0.0277777777777778	0.0277777777777778	0.0277777777777778	0.0277777777777778	0.0277777777777778	0.277777777777778
0.0277777777777778	0.0277777777777778	0.527777777777778	0.0277777777777778	0.0277777777777778	0.0277777777777778	0.0277777777777778	0.277777777777778	0.0277777777777778
0.0277777777777778	0.0277777777777778	0.527777777777778	0.0277777777777778	0.0277777777777778	0.0277777777777778	0.277777777777778	0.0277777777777778	0.0277777777777778
0.0277777777777778	0.0277777777777778	0.527777777777778	0.0277777777777778	0.0277777777777778	0.277777777777778	0.0277777777777778	0.0277777777777778	0.0277777777777778
0.0277777777777778	0.0277777777777778	0.527777777777778	0.0277777777777778	0.277777777777778	0.0277777777777778	0.0277777777777778	0.0277777777777778	0.0277777777777778
0.0277777777777778	0.0277777777777778	0.527777777777778	0.277777777777778	0.0277777777777778	0.0277777777777778	0.0277777777777778	0.0277777777777778	0.0277777777777778
0.0277777777777778	0.0277777777777778	0.777777777777778	0.0277777777777778	0.0277777777777778	0.0277777777777778	0.0277777777777778	0.0277777777777778	0.0277777777777778
0.0277777777777778	0.277777777777778	0.0277777777777778	0.0277777777777778	0.0277777777777778	0.0277777777777778	0.0277777777777778	0.0277777777777778	0.527777777777778
0.0277777777777778	0.277777777777778	0.0277777777777778	0.0277777777777778	0.0277777777777778	0.0277777777777778	0.0277777777777778	0.277777777777778	0.277777777777778
0.0277777777777778	0.277777777777778	0.0277777777777778	0.0277777777777778	0.0277777777777778	0.0277777777777778	0.0277777777777778	0.527777777777778	0.0277777777777778
0.0277777777777778	0.277777777777778	0.0277777777777778	0.0277777777777778	0.0277777777777778	0.0277777777777778	0.277777777777778	0.0277777777777778	0.277777777777778
0.0277777777777778	0.277777777777778	0.0277777777777778	0.0277777777777778	0.0277777777777778	0.0277777777777778	0.277777777777778	0.277777777777778	0.0277777777777778
0.0277777777777778	0.277777777777778	0.0277777777777778	0.0277777777777778	0.0277777777777778	0.0277777777777778	0.527777777777778	0.0277777777777778	0.0277777777777778
0.0277777777777778	0.277777777777778	0.0277777777777778	0.0277777777777778	0.0277777777777778	0.277777777777778	0.0277777777777778	0.0277777777777778	0.277777777777778
0.0277777777777778	0.277777777777778	0.0277777777777778	0.0277777777777778	0.0277777777777778	0.277777777777778	0.0277777777777778	0.277777777777778	0.0277777777777778
0.0277777777777778	0.277777777777778	0.0277777777777778	0.0277777777777778	0.0277777777777778	0.277777777777778	0.277777777777778	0.0277777777777778	0.0277777777777778
0.0277777777777778	0.277777777777778	0.0277777777777778	0.0277777777777778	0.0277777777777778	0.527777777777778	0.0277777777777778	0.0277777777777778	0.0277777777777778
0.0277777777777778	0.277777777777778	0.0277777777777778	0.0277777777777778	0.277777777777778	0.0277777777777778	0.0277777777777778	0.0277777777777778	0.277777777777778
0.0277777777777778	0.277777777777778	0.0277777777777778	0.0277777777777778	0.277777777777778	0.0277777777777778	0.0277777777777778	0.277777777777778	0.0277777777777778
0.0277777777777778	0.277777777777778	0.0277777777777778	0.0277777777777778	0.277777777777778	0.0277777777777778	0.277777777777778	0.0277777777777778	0.0277777777777778
0.0277777777777778	0.277777777777778	0.0277777777777778	0.0277777777777778	0.277777777777778	0.277777777777778	0.0277777777777778	0.0277777777777778	0.0277777777777778
0.0277777777777778	0.277777777777778	0.0277777777777778	0.0277777777777778	0.527777777777778	0.0277777777777778	0.0277777777777778	0.0277777777777778	0.0277777777777778
0.0277777777777778	0.277777777777778	0.0277777777777778	0.277777777777778	0.0277777777777778	0.0277777777777778	0.0277777777777778	0.0277777777777778	0.277777777777778
0.0277777777777778	0.277777777777778	0.0277777777777778	0.277777777777778	0.0277777777777778	0.0277777777777778	0.0277777777777778	0.277777777777778	0.0277777777777778
0.0277777777777778	0.277777777777778	0.0277777777777778	0.277777777777778	0.0277777777777778	0.0277777777777778	0.277777777777778	0.0277777777777778	0.0277777777777778
0.0277777777777778	0.277777777777778	0.0277777777777778	0.277777777777778	0.0277777777777778	0.277777777777778	0.0277777777777778	0.0277777777777778	0.0277777777777778
0.0277777777777778	0.277777777777778	0.0277777777777778	0.277777777777778	0.277777777777778	0.0277777777777778	0.0277777777777778	0.0277777777777778	0.0277777777777778
0.0277777777777778	0.277777777777778	0.0277777777777778	0.527777777777778	0.0277777777777778	0.0277777777777778	0.0277777777777778	0.0277777777777778	0.0277777777777778
0.0277777777777778	0.277777777777778	0.277777777777778	0.0277777777777778	0.0277777777777778	0.0277777777777778	0.0277777777777778	0.0277777777777778	0.277777777777778
0.0277777777777778	0.277777777777778	0.277777777777778	0.0277777777777778	0.0277777777777778	0.0277777777777778	0.0277777777777778	0.277777777777778	0.0277777777777778
0.0277777777777778	0.277777777777778	0.277777777777778	0.0277777777777778	0.0277777777777778	0.0277777777777778	0.277777777777778	0.0277777777777778	0.0277777777777778
0.0277777777777778	0.277777777777778	0.277777777777778	0.0277777777777778	0.0277777777777778	0.277777777777778	0.0277777777777778	0.0277777777777778	0.0277777777777778
0.0277777777777778	0.277777777777778	0.277777777777778	0.0277777777777778	0.277777777777778	0.0277777777777778	0.0277777777777778	0.0277777777777778	0.0277777777777778
0.0277777777777778	0.277777777777778	0.277777777777778	0.277777777777778	0.0277777777777778	0.0277777777777778	0.0277777777777778	0.0277777777777778	0.0277777777777778
0.0277777777777778	0.277777777777778	0.527777777777778	0.0277777777777778	0.0277777777777778	0.0277777777777778	0.0277777777777778	0.0277777777777778	0.0277777777777778
0.0277777777777778	0.527777777777778	0.0277777777777778	0.0277777777777778	0.0277777777777778	0.0277777777777778	0.0277777777777778	0.0277777777777778	0.277777777777778
0.0277777777777778	0.527777777777778	0.0277777777777778	0.0277777777777778	0.0277777777777778	0.0277777777777778	0.0277777777777778	0.277777777777778	0.0277777777777778
0.0277777777777778	0.527777777777778	0.0277777777777778	0.0277777777777778	0.0277777777777778	0.0277777777777778	0.277777777777778	0.0277777777777778	0.0277777777777778
0.0277777777777778	0.527777777777778	0.0277777777777778	0.0277777777777778	0.0277777777777778	0.277777777777778	0.0277777777777778	0.0277777777777778	0.0277777777777778
0.0277777777777778	0.527777777777778	0.0277777777777778	0.0277777777777778	0.277777777777778	0.0277777777777778	0.0277777777777778	0.0277777777777778	0.0277777777777778
0.0277777777777778	0.527777777777778	0.0277777777777778	0.277777777777778	0.0277777777777778	0.0277777777777778	0.0277777777777778	0.0277777777777778	0.0277777777777778
0.0277777777777778	0.527777777777778	0.277777777777778	0.0277777777777778	0.0277777777777778	0.0277777777777778	0.0277777777777778	0.0277777777777778	0.0277777777777778
0.0277777777777778	0.777777777777778	0.0277777777777778	0.0277777777777778	0.0277777777777778	0.0277777777777778	0.0277777777777778	0.0277777777777778	0.0277777777777778
0.277777777777778	0.0277777777777778	0.0277777777777778	0.0277777777777778	0.0277777777777778	0.0277777777777778	0.0277777777777778	0.0277777777777778	0.527777777777778
0.277777777777778	0.0277777777777778	0.0277777777777778	0.0277777777777778	0.0277777777777778	0.0277777777777778	0.0277777777777778	0.277777777777778	0.277777777777778
0.277777777777778	0.0277777777777778	0.0277777777777778	0.0277777777777778	0.0277777777777778	0.0277777777777778	0.0277777777777778	0.527777777777778	0.0277777777777778
0.277777777777778	0.0277777777777778	0.0277777777777778	0.0277777777777778	0.0277777777777778	0.0277777777777778	0.277777777777778	0.0277777777777778	0.277777777777778
0.277777777777778	0.0277777777777778	0.0277777777777778	0.0277777777777778	0.0277777777777778	0.0277777777777778	0.277777777777778	0.277777777777778	0.0277777777777778
0.277777777777778	0.0277777777777778	0.0277777777777778	0.0277777777777778	0.0277777777777778	0.0277777777777778	0.527777777777778	0.0277777777777778	0.0277777777777778
0.277777777777778	0.0277777777777778	0.0277777777777778	0.0277777777777778	0.0277777777777778	0.277777777777778	0.0277777777777778	0.0277777777777778	0.277777777777778
0.277777777777778	0.0277777777777778	0.0277777777777778	0.0277777777777778	0.0277777777777778	0.277777777777778	0.0277777777777778	0.277777777777778	0.0277777777777778
0.277777777777778	0.0277777777777778	0.0277777777777778	0.0277777777777778	0.0277777777777778	0.277777777777778	0.277777777777778	0.0277777777777778	0.0277777777777778
0.277777777777778	0.0277777777777778	0.0277777777777778	0.0277777777777778	0.0277777777777778	0.527777777777778	0.0277777777777778	0.0277777777777778	0.0277777777777778
0.277777777777778	0.0277777777777778	0.0277777777777778	0.0277777777777778	0.277777777777778	0.0277777777777778	0.0277777777777778	0.0277777777777778	0.277777777777778
0.277777777777778	0.0277777777777778	0.0277777777777778	0.0277777777777778	0.277777777777778	0.0277777777777778	0.0277777777777778	0.277777777777778	0.0277777777777778
0.277777777777778	0.0277777777777778	0.0277777777777778	0.0277777777777778	0.277777777777778	0.0277777777777778	0.277777777777778	0.0277777777777778	0.0277777777777778
0.277777777777778	0.0277777777777778	0.0277777777777778	0.0277777777777778	0.277777777777778	0.277777777777778	0.0277777777777778	0.0277777777777778	0.0277777777777778
0.277777777777778	0.0277777777777778	0.0277777777777778	0.0277777777777778	0.527777777777778	0.0277777777777778	0.0277777777777778	0.0277777777777778	0.0277777777777778
0.277777777777778	0.0277777777777778	0.0277777777777778	0.277777777777778	0.0277777777777778	0.0277777777777778	0.0277777777777778	0.0277777777777778	0.277777777777778
0.277777777777778	0.0277777777777778	0.0277777777777778	0.277777777777778	0.0277777777777778	0.0277777777777778	0.0277777777777778	0.277777777777778	0.0277777777777778
0.277777777777778	0.0277777777777778	0.0277777777777778	0.277777777777778	0.0277777777777778	0.0277777777777778	0.277777777777778	0.0277777777777778	0.0277777777777778
0.277777777777778	0.0277777777777778	0.0277777777777778	0.277777777777778	0.0277777777777778	0.277777777777778	0.0277777777777778	0.0277777777777778	0.0277777777777778
0.277777777777778	0.0277777777777778	0.0277777777777778	0.277777777777778	0.277777777777778	0.0277777777777778	0.0277777777777778	0.0277777777777778	0.0277777777777778
0.277777777777778	0.0277777777777778	0.0277777777777778	0.527777777777778	0.0277777777777778	0.0277777777777778	0.0277777777777778	0.0277777777777778	0.0277777777777778
0.277777777777778	0.0277777777777778	0.277777777777778	0.0277777777777778	0.0277777777777778	0.0277777777777778	0.0277777777777778	0.0277777777777778	0.277777777777778
0.277777777777778	0.0277777777777778	0.277777777777778	0.0277777777777778	0.0277777777777778	0.0277777777777778	0.0277777777777778	0.277777777777778	0.0277777777777778
0.277777777777778	0.0277777777777778	0.277777777777778	0.0277777777777778	0.0277777777777778	0.0277777777777778	0.277777777777778	0.0277777777777778	0.0277777777777778
0.277777777777778	0.0277777777777778	0.277777777777778	0.0277777777777778	0.0277777777777778	0.277777777777778	0.0277777777777778	0.0277777777777778	0.0277777777777778
0.277777777777778	0.0277777777777778	0.277777777777778	0.0277777777777778	0.277777777777778	0.0277777777777778	0.0277777777777778	0.0277777777777778	0.0277777777777778
0.277777777777778	0.0277777777777778	0.277777777777778	0.277777777777778	0.0277777777777778	0.0277777777777778	0.0277777777777778	0.0277777777777778	0.0277777777777778
0.277777777777778	0.0277777777777778	0.527777777777778	0.0277777777777778	0.0277777777777778	0.0277777777777778	0.0277777777777778	0.0277777777777778	0.0277777777777778
0.277777777777778	0.277777777777778	0.0277777777777778	0.0277777777777778	0.0277777777777778	0.0277777777777778	0.0277777777777778	0.0277777777777778	0.277777777777778
0.277777777777778	0.277777777777778	0.0277777777777778	0.0277777777777778	0.0277777777777778	0.0277777777777778	0.0277777777777778	0.277777777777778	0.0277777777777778
0.277777777777778	0.277777777777778	0.0277777777777778	0.0277777777777778	0.0277777777777778	0.0277777777777778	0.277777777777778	0.0277777777777778	0.0277777777777778
0.277777777777778	0.277777777777778	0.0277777777777778	0.0277777777777778	0.0277777777777778	0.277777777777778	0.0277777777777778	0.0277777777777778	0.0277777777777778
0.277777777777778	0.277777777777778	0.0277777777777778	0.0277777777777778	0.277777777777778	0.0277777777777778	0.0277777777777778	0.0277777777777778	0.0277777777777778
0.277777777777778	0.277777777777778	0.0277777777777778	0.277777777777778	0.0277777777777778	0.0277777777777778	0.0277777777777778	0.0277777777777778	0.0277777777777778
0.277777777777778	0.277777777777778	0.277777777777778	0.0277777777777778	0.0277777777777778	0.0277777777777778	0.0277777777777778	0.0277777777777778	0.0277777777777778
0.277777777777778	0.527777777777778	0.0277777777777778	0.0277777777777778	0.0277777777777778	0.0277777777777778	0.0277777777777778	0.0277777777777778	0.0277777777777778
0.527777777777778	0.0277777777777778	0.0277777777777778	0.0277777777777778	0.0277777777777778	0.0277777777777778	0.0277777777777778	0.0277777777777778	0.277777777777778
0.527777777777778	0.0277777777777778	0.0277777777777778	0.0277777777777778	0.0277777777777778	0.0277777777777778	0.0277777777777778	0.277777777777778	0.0277777777777778
0.527777777777778	0.0277777777777778	0.0277777777777778	0.0277777777777778	0.0277777777777778	0.0277777777777778	0.277777777777778	0.0277777777777778	0.0277777777777778
0.527777777777778	0.0277777777777778	0.0277777777777778	0.0277777777777778	0.0277777777777778	0.277777777777778	0.0277777777777778	0.0277777777777778	0.0277777777777778
0.527777777777778	0.0277777777777778	0.0277777777777778	0.0277777777777778	0.277777777777778	0.0277777777777778	0.0277777777777778	0.0277777777777778	0.0277777777777778
0.527777777777778	0.0277777777777778	0.0277777777777778	0.277777777777778	0.0277777777777778	0.0277777777777778	0.0277777777777778	0.0277777777777778	0.0277777777777778
0.527777777777778	0.0277777777777778	0.277777777777778	0.0277777777777778	0.0277777777777778	0.0277777777777778	0.0277777777777778	0.0277777777777778	0.0277777777777778
0.527777777777778	0.277777777777778	0.0277777777777778	0.0277777777777778	0.0277777777777778	0.0277777777777778	0.0277777777777778	0.0277777777777778	0.0277777777777778
0.777777777777778	0.0277777777777778	0.0277777777777778	0.0277777777777778	0.0277777777777778	0.0277777777777778	0.0277777777777778	0.0277777777777778	0.0277777777777778
1e-06	1e-06	1e-06	1e-06	1e-06	1e-06	1e-06	1e-06	1
1e-06	1e-06	1e-06	1e-06	1e-06	1e-06	1e-06	0.25	0.75
1e-06	1e-06	1e-06	1e-06	1e-06	1e-06	1e-06	0.5	0.5
1e-06	1e-06	1e-06	1e-06	1e-06	1e-06	1e-06	0.75	0.25
1e-06	1e-06	1e-06	1e-06	1e-06	1e-06	1e-06	1	1e-06
1e-06	1e-06	1e-06	1e-06	1e-06	1e-06	0.25	1e-06	0.75
1e-06	1e-06	1e-06	1e-06	1e-06	1e-06	0.25	0.25	0.5
1e-06	1e-06	1e-06	1e-06	1e-06	1e-06	0.25	0.5	0.25
1e-06	1e-06	1e-06	1e-06	1e-06	1e-06	0.25	0.75	1e-06
1e-06	1e-06	1e-06	1e-06	1e-06	1e-06	0.5	1e-06	0.5
1e-06	1e-06	1e-06	1e-06	1e-06	1e-06	0.5	0.25	0.25
1e-06	1e-06	1e-06	1e-06	1e-06	1e-06	0.5	0.5	1e-06
1e-06	1e-06	1e-06	1e-06	1e-06	1e-06	0.75	1e-06	0.25
1e-06	1e-06	1e-06	1e-06	1e-06	1e-06	0.75	0.25	1e-06
1e-06	1e-06	1e-06	1e-06	1e-06	1e-06	1	1e-06	1e-06
1e-06	1e-06	1e-06	1e-06	1e-06	0.25	1e-06	1e-06	0.75
1e-06	1e-06	1e-06	1e-06	1e-06	0.25	1e-06	0.25	0.5
1e-06	1e-06	1e-06	1e-06	1e-06	0.25	1e-06	0.5	0.25
1e-06	1e-06	1e-06	1e-06	1e-06	0.25	1e-06	0.75	1e-06
1e-06	1e-06	1e-06	1e-06	1e-06	0.25	0.25	1e-06	0.5
1e-06	1e-06	1e-06	1e-06	1e-06	0.25	0.25	0.25	0.25
1e-06	1e-06	1e-06	1e-06	1e-06	0.25	0.25	0.5	1e-06
1e-06	1e-06	1e-06	1e-06	1e-06	0.25	0.5	1e-06	0.25
1e-06	1e-06	1e-06	1e-06	1e-06	0.25	0.5	0.25	1e-06
1e-06	1e-06	1e-06	1e-06	1e-06	0.25	0.75	1e-06	1e-06
1e-06	1e-06	1e-06	1e-06	1e-06	0.5	1e-06	1e-06	0.5
1e-06	1e-06	1e-06	1e-06	1e-06	0.5	1e-06	0.25	0.25
1e-06	1e-06	1e-06	1e-06	1e-06	0.5	1e-06	0.5	1e-06
1e-06	1e-06	1e-06	1e-06	1e-06	0.5	0.25	1e-06	0.25
1e-06	1e-06	1e-06	1e-06	1e-06	0.5	0.25	0.25	1e-06
1e-06	1e-06	1e-06	1e-06	1e-06	0.5	0.5	1e-06	1e-06
1e-06	1e-06	1e-06	1e-06	1e-06	0.75	1e-06	1e-06	0.25
1e-06	1e-06	1e-06	1e-06	1e-06	0.75	1e-06	0.25	1e-06
1e-06	1e-06	1e-06	1e-06	1e-06	0.75	0.25	1e-06	1e-06
1e-06	1e-06	1e-06	1e-06	1e-06	1	1e-06	1e-06	1e-06
1e-06	1e-06	1e-06	1e-06	0.25	1e-06	1e-06	1e-06	0.75
1e-06	1e-06	1e-06	1e-06	0.25	1e-06	1e-06	0.25	0.5
1e-06	1e-06	1e-06	1e-06	0.25	1e-06	1e-06	0.5	0.25
1e-06	1e-06	1e-06	1e-06	0.25	1e-06	1e-06	0.75	1e-06
1e-06	1e-06	1e-06	1e-06	0.25	1e-06	0.25	1e-06	0.5
1e-06	1e-06	1e-06	1e-06	0.25	1e-06	0.25	0.25	0.25
1e-06	1e-06	1e-06	1e-06	0.25	1e-06	0.25	0.5	1e-06
1e-06	1e-06	1e-06	1e-06	0.25	1e-06	0.5	1e-06	0.25
1e-06	1e-06	1e-06	1e-06	0.25	1e-06	0.5	0.25	1e-06
1e-06	1e-06	1e-06	1e-06	0.25	1e-06	0.75	1e-06	1e-06
1e-06	1e-06	1e-06	1e-06	0.25	0.25	1e-06	1e-06	0.5
1e-06	1e-06	1e-06	1e-06	0.25	0.25	1e-06	0.25	0.25
1e-06	1e-06	1e-06	1e-06	0.25	0.25	1e-06	0.5	1e-06
1e-06	1e-06	1e-06	1e-06	0.25	0.25	0.25	1e-06	0.25
1e-06	1e-06	1e-06	1e-06	0.25	0.25	0.25	0.25	1e-06
1e-06	1e-06	1e-06	1e-06	0.25	0.25	0.5	1e-06	1e-06
1e-06	1e-06	1e-06	1e-06	0.25	0.5	1e-06	1e-06	0.25
1e-06	1e-06	1e-06	1e-06	0.25	0.5	1e-06	0.25	1e-06
1e-06	1e-06	1e-06	1e-06	0.25	0.5	0.25	1e-06	1e-06
1e-06	1e-06	1e-06	1e-06	0.25	0.75	1e-06	1e-06	1e-06
1e-06	1e-06	1e-06	1e-06	0.5	1e-06	1e-06	1e-06	0.5
1e-06	1e-06	1e-06	1e-06	0.5	1e-06	1e-06	0.25	0.25
1e-06	1e-06	1e-06	1e-06	0.5	1e-06	1e-06	0.5	1e-06
1e-06	1e-06	1e-06	1e-06	0.5	1e-06	0.25	1e-06	0.25
1e-06	1e-06	1e-06	1e-06	0.5	1e-06	0.25	0.25	1e-06
1e-06	1e-06	1e-06	1e-06	0.5	1e-06	0.5	1e-06	1e-06
1e-06	1e-06	1e-06	1e-06	0.5	0.25	1e-06	1e-06	0.25
1e-06	1e-06	1e-06	1e-06	0.5	0.25	1e-06	0.25	1e-06
1e-06	1e-06	1e-06	1e-06	0.5	0.25	0.25	1e-06	1e-06
1e-06	1e-06	1e-06	1e-06	0.5	0.5	1e-06	1e-06	1e-06
1e-06	1e-06	1e-06	1e-06	0.75	1e-06	1e-06	1e-06	0.25
1e-06	1e-06	1e-06	1e-06	0.75	1e-06	1e-06	0.25	1e-06
1e-06	1e-06	1e-06	1e-06	0.75	1e-06	0.25	1e-06	1e-06
1e-06	1e-06	1e-06	1e-06	0.75	0.25	1e-06	1e-06	1e-06
1e-06	1e-06	1e-06	1e-06	1	1e-06	1e-06	1e-06	1e-06
1e-06	1e-06	1e-06	0.25	1e-06	1e-06	1e-06	1e-06	0.75
1e-06	1e-06	1e-06	0.25	1e-06	1e-06	1e-06	0.25	0.5
1e-06	1e-06	1e-06	0.25	1e-06	1e-06	1e-06	0.5	0.25
1e-06	1e-06	1e-06	0.25	1e-06	1e-06	1e-06	0.75	1e-06
1e-06	1e-06	1e-06	0.25	1e-06	1e-06	0.25	1e-06	0.5
1e-06	1e-06	1e-06	0.25	1e-06	1e-06	0.25	0.25	0.25
1e-06	1e-06	1e-06	0.25	1e-06	1e-06	0.25	0.5	1e-06
1e-06	1e-06	1e-06	0.25	1e-06	1e-06	0.5	1e-06	0.25
1e-06	1e-06	1e-06	0.25	1e-06	1e-06	0.5	0.25	1e-06
1e-06	1e-06	1e-06	0.25	1e-06	1e-06	0.75	1e-06	1e-06
1e-06	1e-06	1e-06	0.25	1e-06	0.25	1e-06	1e-06	0.5
1e-06	1e-06	1e-06	0.25	1e-06	0.25	1e-06	0.25	0.25
1e-06	1e-06	1e-06	0.25	1e-06	0.25	1e-06	0.5	1e-06
1e-06	1e-06	1e-06	0.25	1e-06	0.25	0.25	1e-06	0.25
1e-06	1e-06	1e-06	0.25	1e-06	0.25	0.25	0.25	1e-06
1e-06	1e-06	1e-06	0.25	1e-06	0.25	0.5	1e-06	1e-06
1e-06	1e-06	1e-06	0.25	1e-06	0.5	1e-06	1e-06	0.25
1e-06	1e-06	1e-06	0.25	1e-06	0.5	1e-06	0.25	1e-06
1e-06	1e-06	1e-06	0.25	1e-06	0.5	0.25	1e-06	1e-06
1e-06	1e-06	1e-06	0.25	1e-06	0.75	1e-06	1e-06	1e-06
1e-06	1e-06	1e-06	0.25	0.25	1e-06	1e-06	1e-06	0.5
1e-06	1e-06	1e-06	0.25	0.25	1e-06	1e-06	0.25	0.25
1e-06	1e-06	1e-06	0.25	0.25	1e-06	1e-06	0.5	1e-06
1e-06	1e-06	1e-06	0.25	0.25	1e-06	0.25	1e-06	0.25
1e-06	1e-06	1e-06	0.25	0.25	1e-06	0.25	0.25	1e-06
1e-06	1e-06	1e-06	0.25	0.25	1e-06	0.5	1e-06	1e-06
1e-06	1e-06	1e-06	0.25	0.25	0.25	1e-06	1e-06	0.25
1e-06	1e-06	1e-06	0.25	0.25	0.25	1e-06	0.25	1e-06
1e-06	1e-06	1e-06	0.25	0.25	0.25	0.25	1e-06	1e-06
1e-06	1e-06	1e-06	0.25	0.25	0.5	1e-06	1e-06	1e-06
1e-06	1e-06	1e-06	0.25	0.5	1e-06	1e-06	1e-06	0.25
1e-06	1e-06	1e-06	0.25	0.5	1e-06	1e-06	0.25	1e-06
1e-06	1e-06	1e-06	0.25	0.5	1e-06	0.25	1e-06	1e-06
1e-06	1e-06	1e-06	0.25	0.5	0.25	1e-06	1e-06	1e-06
1e-06	1e-06	1e-06	0.25	0.75	1e-06	1e-06	1e-06	1e-06
1e-06	1e-06	1e-06	0.5	1e-06	1e-06	1e-06	1e-06	0.5
1e-06	1e-06	1e-06	0.5	1e-06	1e-06	1e-06	0.25	0.25
1e-06	1e-06	1e-06	0.5	1e-06	1e-06	1e-06	0.5	1e-06
1e-06	1e-06	1e-06	0.5	1e-06	1e-06	0.25	1e-06	0.25
1e-06	1e-06	1e-06	0.5	1e-06	1e-06	0.25	0.25	1e-06
1e-06	1e-06	1e-06	0.5	1e-06	1e-06	0.5	1e-06	1e-06
1e-06	1e-06	1e-06	0.5	1e-06	0.25	1e-06	1e-06	0.25
1e-06	1e-06	1e-06	0.5	1e-06	0.25	1e-06	0.25	1e-06
1e-06	1e-06	1e-06	0.5	1e-06	0.25	0.25	1e-06	1e-06
1e-06	1e-06	1e-06	0.5	1e-06	0.5	1e-06	1e-06	1e-06
1e-06	1e-06	1e-06	0.5	0.25	1e-06	1e-06	1e-06	0.25
1e-06	1e-06	1e-06	0.5	0.25	1e-06	1e-06	0.25	1e-06
1e-06	1e-06	1e-06	0.5	0.25	1e-06	0.25	1e-06	1e-06
1e-06	1e-06	1e-06	0.5	0.25	0.25	1e-06	1e-06	1e-06
1e-06	1e-06	1e-06	0.5	0.5	1e-06	1e-06	1e-06	1e-06
1e-06	1e-06	1e-06	0.75	1e-06	1e-06	1e-06	1e-06	0.25
1e-06	1e-06	1e-06	0.75	1e-06	1e-06	1e-06	0.25	1e-06
1e-06	1e-06	1e-06	0.75	1e-06	1e-06	0.25	1e-06	1e-06
1e-06	1e-06	1e-06	0.75	1e-06	0.25	1e-06	1e-06	1e-06
1e-06	1e-06	1e-06	0.75	0.25	1e-06	1e-06	1e-06	1e-06
1e-06	1e-06	1e-06	1	1e-06	1e-06	1e-06	1e-06	1e-06
1e-06	1e-06	0.25	1e-06	1e-06	1e-06	1e-06	1e-06	0.75
1e-06	1e-06	0.25	1e-06	1e-06	1e-06	1e-06	0.25	0.5
1e-06	1e-06	0.25	1e-06	1e-06	1e-06	1e-06	0.5	0.25
1e-06	1e-06	0.25	1e-06	1e-06	1e-06	1e-06	0.75	1e-06
1e-06	1e-06	0.25	1e-06	1e-06	1e-06	0.25	1e-06	0.5
1e-06	1e-06	0.25	1e-06	1e-06	1e-06	0.25	0.25	0.25
1e-06	1e-06	0.25	1e-06	1e-06	1e-06	0.25	0.5	1e-06
1e-06	1e-06	0.25	1e-06	1e-06	1e-06	0.5	1e-06	0.25
1e-06	1e-06	0.25	1e-06	1e-06	1e-06	0.5	0.25	1e-06
1e-06	1e-06	0.25	1e-06	1e-06	1e-06	0.75	1e-06	1e-06
1e-06	1e-06	0.25	1e-06	1e-06	0.25	1e-06	1e-06	0.5
1e-06	1e-06	0.25	1e-06	1e-06	0.25	1e-06	0.25	0.25
1e-06	1e-06	0.25	1e-06	1e-06	0.25	1e-06	0.5	1e-06
1e-06	1e-06	0.25	1e-06	1e-06	0.25	0.25	1e-06	0.25
1e-06	1e-06	0.25	1e-06	1e-06	0.25	0.25	0.25	1e-06
1e-06	1e-06	0.25	1e-06	1e-06	0.25	0.5	1e-06	1e-06
1e-06	1e-06	0.25	1e-06	1e-06	0.5	1e-06	1e-06	0.25
1e-06	1e-06	0.25	1e-06	1e-06	0.5	1e-06	0.25	1e-06
1e-06	1e-06	0.25	1e-06	1e-06	0.5	0.25	1e-06	1e-06
1e-06	1e-06	0.25	1e-06	1e-06	0.75	1e-06	1e-06	1e-06
1e-06	1e-06	0.25	1e-06	0.25	1e-06	1e-06	1e-06	0.5
1e-06	1e-06	0.25	1e-06	0.25	1e-06	1e-06	0.25	0.25
1e-06	1e-06	0.25	1e-06	0.25	1e-06	1e-06	0.5	1e-06
1e-06	1e-06	0.25	1e-06	0.25	1e-06	0.25	1e-06	0.25
1e-06	1e-06	0.25	1e-06	0.25	1e-06	0.25	0.25	1e-06
1e-06	1e-06	0.25	1e-06	0.25	1e-06	0.5	1e-06	1e-06
1e-06	1e-06	0.25	1e-06	0.25	0.25	1e-06	1e-06	0.25
1e-06	1e-06	0.25	1e-06	0.25	0.25	1e-06	0.25	1e-06
1e-06	1e-06	0.25	1e-06	0.25	0.25	0.25	1e-06	1e-06
1e-06	1e-06	0.25	1e-06	0.25	0.5	1e-06	1e-06	1e-06
1e-06	1e-06	0.25	1e-06	0.5	1e-06	1e-06	1e-06	0.25
1e-06	1e-06	0.25	1e-06	0.5	1e-06	1e-06	0.25	1e-06
1e-06	1e-06	0.25	1e-06	0.5	1e-06	0.25	1e-06	1e-06
1e-06	1e-06	0.25	1e-06	0.5	0.25	1e-06	1e-06	1e-06
1e-06	1e-06	0.25	1e-06	0.75	1e-06	1e-06	1e-06	1e-06
1e-06	1e-06	0.25	0.25	1e-06	1e-06	1e-06	1e-06	0.5
1e-06	1e-06	0.25	0.25	1e-06	1e-06	1e-06	0.25	0.25
1e-06	1e-06	0.25	0.25	1e-06	1e-06	1e-06	0.5	1e-06
1e-06	1e-06	0.25	0.25	1e-06	1e-06	0.25	1e-06	0.25
1e-06	1e-06	0.25	0.25	1e-06	1e-06	0.25	0.25	1e-06
1e-06	1e-06	0.25	0.25	1e-06	1e-06	0.5	1e-06	1e-06
1e-06	1e-06	0.25	0.25	1e-06	0.25	1e-06	1e-06	0.25
1e-06	1e-06	0.25	0.25	1e-06	0.25	1e-06	0.25	1e-06
1e-06	1e-06	0.25	0.25	1e-06	0.25	0.25	1e-06	1e-06
1e-06	1e-06	0.25	0.25	1e-06	0.5	1e-06	1e-06	1e-06
1e-06	1e-06	0.25	0.25	0.25	1e-06	1e-06	1e-06	0.25
1e-06	1e-06	0.25	0.25	0.25	1e-06	1e-06	0.25	1e-06
1e-06	1e-06	0.25	0.25	0.25	1e-06	0.25	1e-06	1e-06
1e-06	1e-06	0.25	0.25	0.25	0.25	1e-06	1e-06	1e-06
1e-06	1e-06	0.25	0.25	0.5	1e-06	1e-06	1e-06	1e-06
1e-06	1e-06	0.25	0.5	1e-06	1e-06	1e-06	1e-06	0.25
1e-06	1e-06	0.25	0.5	1e-06	1e-06	1e-06	0.25	1e-06
1e-06	1e-06	0.25	0.5	1e-06	1e-06	0.25	1e-06	1e-06
1e-06	1e-06	0.25	0.5	1e-06	0.25	1e-06	1e-06	1e-06
1e-06	1e-06	0.25	0.5	0.25	1e-06	1e-06	1e-06	1e-06
1e-06	1e-06	0.25	0.75	1e-06	1e-06	1e-06	1e-06	1e-06
1e-06	1e-06	0.5	1e-06	1e-06	1e-06	1e-06	1e-06	0.5
1e-06	1e-06	0.5	1e-06	1e-06	1e-06	1e-06	0.25	0.25
1e-06	1e-06	0.5	1e-06	1e-06	1e-06	1e-06	0.5	1e-06
1e-06	1e-06	0.5	1e-06	1e-06	1e-06	0.25	1e-06	0.25
1e-06	1e-06	0.5	1e-06	1e-06	1e-06	0.25	0.25	1e-06
1e-06	1e-06	0.5	1e-06	1e-06	1e-06	0.5	1e-06	1e-06
1e-06	1e-06	0.5	1e-06	1e-06	0.25	1e-06	1e-06	0.25
1e-06	1e-06	0.5	1e-06	1e-06	0.25	1e-06	0.25	1e-06
1e-06	1e-06	0.5	1e-06	1e-06	0.25	0.25	1e-06	1e-06
1e-06	1e-06	0.5	1e-06	1e-06	0.5	1e-06	1e-06	1e-06
1e-06	1e-06	0.5	1e-06	0.25	1e-06	1e-06	1e-06	0.25
1e-06	1e-06	0.5	1e-06	0.25	1e-06	1e-06	0.25	1e-06
1e-06	1e-06	0.5	1e-06	0.25	1e-06	0.25	1e-06	1e-06
1e-06	1e-06	0.5	1e-06	0.25	0.25	1e-06	1e-06	1e-06
1e-06	1e-06	0.5	1e-06	0.5	1e-06	1e-06	1e-06	1e-06
1e-06	1e-06	0.5	0.25	1e-06	1e-06	1e-06	1e-06	0.25
1e-06	1e-06	0.5	0.25	1e-06	1e-06	1e-06	0.25	1e-06
1e-06	1e-06	0.5	0.25	1e-06	1e-06	0.25	1e-06	1e-06
1e-06	1e-06	0.5	0.25	1e-06	0.25	1e-06	1e-06	1e-06
1e-06	1e-06	0.5	0.25	0.25	1e-06	1e-06	1e-06	1e-06
1e-06	1e-06	0.5	0.5	1e-06	1e-06	1e-06	1e-06	1e-06
1e-06	1e-06	0.75	1e-06	1e-06	1e-06	1e-06	1e-06	0.25
1e-06	1e-06	0.75	1e-06	1e-06	1e-06	1e-06	0.25	1e-06
1e-06	1e-06	0.75	1e-06	1e-06	1e-06	0.25	1e-06	1e-06
1e-06	1e-06	0.75	1e-06	1e-06	0.25	1e-06	1e-06	1e-06
1e-06	1e-06	0.75	1e-06	0.25	1e-06	1e-06	1e-06	1e-06
1e-06	1e-06	0.75	0.25	1e-06	1e-06	1e-06	1e-06	1e-06
1e-06	1e-06	1	1e-06	1e-06	1e-06	1e-06	1e-06	1e-06
1e-06	0.25	1e-06	1e-06	1e-06	1e-06	1e-06	1e-06	0.75
1e-06	0.25	1e-06	1e-06	1e-06	1e-06	1e-06	0.25	0.5
1e-06	0.25	1e-06	1e-06	1e-06	1e-06	1e-06	0.5	0.25
1e-06	0.25	1e-06	1e-06	1e-06	1e-06	1e-06	0.75	1e-06
1e-06	0.25	1e-06	1e-06	1e-06	1e-06	0.25	1e-06	0.5
1e-06	0.25	1e-06	1e-06	1e-06	1e-06	0.25	0.25	0.25
1e-06	0.25	1e-06	1e-06	1e-06	1e-06	0.25	0.5	1e-06
1e-06	0.25	1e-06	1e-06	1e-06	1e-06	0.5	1e-06	0.25
1e-06	0.25	1e-06	1e-06	1e-06	1e-06	0.5	0.25	1e-06
1e-06	0.25	1e-06	1e-06	1e-06	1e-06	0.75	1e-06	1e-06
1e-06	0.25	1e-06	1e-06	1e-06	0.25	1e-06	1e-06	0.5
1e-06	0.25	1e-06	1e-06	1e-06	0.25	1e-06	0.25	0.25
1e-06	0.25	1e-06	1e-06	1e-06	0.25	1e-06	0.5	1e-06
1e-06	0.25	1e-06	1e-06	1e-06	0.25	0.25	1e-06	0.25
1e-06	0.25	1e-06	1e-06	1e-06	0.25	0.25	0.25	1e-06
1e-06	0.25	1e-06	1e-06	1e-06	0.25	0.5	1e-06	1e-06
1e-06	0.25	1e-06	1e-06	1e-06	0.5	1e-06	1e-06	0.25
1e-06	0.25	1e-06	1e-06	1e-06	0.5	1e-06	0.25	1e-06
1e-06	0.25	1e-06	1e-06	1e-06	0.5	0.25	1e-06	1e-06
1e-06	0.25	1e-06	1e-06	1e-06	0.75	1e-06	1e-06	1e-06
1e-06	0.25	1e-06	1e-06	0.25	1e-06	1e-06	1e-06	0.5
1e-06	0.25	1e-06	1e-06	0.25	1e-06	1e-06	0.25	0.25
1e-06	0.25	1e-06	1e-06	0.25	1e-06	1e-06	0.5	1e-06
1e-06	0.25	1e-06	1e-06	0.25	1e-06	0.25	1e-06	0.25
1e-06	0.25	1e-06	1e-06	0.25	1e-06	0.25	0.25	1e-06
1e-06	0.25	1e-06	1e-06	0.25	1e-06	0.5	1e-06	1e-06
1e-06	0.25	1e-06	1e-06	0.25	0.25	1e-06	1e-06	0.25
1e-06	0.25	1e-06	1e-06	0.25	0.25	1e-06	0.25	1e-06
1e-06	0.25	1e-06	1e-06	0.25	0.25	0.25	1e-06	1e-06
1e-06	0.25	1e-06	1e-06	0.25	0.5	1e-06	1e-06	1e-06
1e-06	0.25	1e-06	1e-06	0.5	1e-06	1e-06	1e-06	0.25
1e-06	0.25	1e-06	1e-06	0.5	1e-06	1e-06	0.25	1e-06
1e-06	0.25	1e-06	1e-06	0.5	1e-06	0.25	1e-06	1e-06
1e-06	0.25	1e-06	1e-06	0.5	0.25	1e-06	1e-06	1e-06
1e-06	0.25	1e-06	1e-06	0.75	1e-06	1e-06	1e-06	1e-06
1e-06	0.25	1e-06	0.25	1e-06	1e-06	1e-06	1e-06	0.5
1e-06	0.25	1e-06	0.25	1e-06	1e-06	1e-06	0.25	0.25
1e-06	0.25	1e-06	0.25	1e-06	1e-06	1e-06	0.5	1e-06
1e-06	0.25	1e-06	0.25	1e-06	1e-06	0.25	1e-06	0.25
1e-06	0.25	1e-06	0.25	1e-06	1e-06	0.25	0.25	1e-06
1e-06	0.25	1e-06	0.25	1e-06	1e-06	0.5	1e-06	1e-06
1e-06	0.25	1e-06	0.25	1e-06	0.25	1e-06	1e-06	0.25
1e-06	0.25	1e-06	0.25	1e-06	0.25	1e-06	0.25	1e-06
1e-06	0.25	1e-06	0.25	1e-06	0.25	0.25	1e-06	1e-06
1e-06	0.25	1e-06	0.25	1e-06	0.5	1e-06	1e-06	1e-06
1e-06	0.25	1e-06	0.25	0.25	1e-06	1e-06	1e-06	0.25
1e-06	0.25	1e-06	0.25	0.25	1e-06	1e-06	0.25	1e-06
1e-06	0.25	1e-06	0.25	0.25	1e-06	0.25	1e-06	1e-06
1e-06	0.25	1e-06	0.25	0.25	0.25	1e-06	1e-06	1e-06
1e-06	0.25	1e-06	0.25	0.5	1e-06	1e-06	1e-06	1e-06
1e-06	0.25	1e-06	0.5	1e-06	1e-06	1e-06	1e-06	0.25
1e-06	0.25	1e-06	0.5	1e-06	1e-06	1e-06	0.25	1e-06
1e-06	0.25	1e-06	0.5	1e-06	1e-06	0.25	1e-06	1e-06
1e-06	0.25	1e-06	0.5	1e-06	0.25	1e-06	1e-06	1e-06
1e-06	0.25	1e-06	0.5	0.25	1e-06	1e-06	1e-06	1e-06
1e-06	0.25	1e-06	0.75	1e-06	1e-06	1e-06	1e-06	1e-06
1e-06	0.25	0.25	1e-06	1e-06	1e-06	1e-06	1e-06	0.5
1e-06	0.25	0.25	1e-06	1e-06	1e-06	1e-06	0.25	0.25
1e-06	0.25	0.25	1e-06	1e-06	1e-06	1e-06	0.5	1e-06
1e-06	0.25	0.25	1e-06	1e-06	1e-06	0.25	1e-06	0.25
1e-06	0.25	0.25	1e-06	1e-06	1e-06	0.25	0.25	1e-06
1e-06	0.25	0.25	1e-06	1e-06	1e-06	0.5	1e-06	1e-06
1e-06	0.25	0.25	1e-06	1e-06	0.25	1e-06	1e-06	0.25
1e-06	0.25	0.25	1e-06	1e-06	0.25	1e-06	0.25	1e-06
1e-06	0.25	0.25	1e-06	1e-06	0.25	0.25	1e-06	1e-06
1e-06	0.25	0.25	1e-06	1e-06	0.5	1e-06	1e-06	1e-06
1e-06	0.25	0.25	1e-06	0.25	1e-06	1e-06	1e-06	0.25
1e-06	0.25	0.25	1e-06	0.25	1e-06	1e-06	0.25	1e-06
1e-06	0.25	0.25	1e-06	0.25	1e-06	0.25	1e-06	1e-06
1e-06	0.25	0.25	1e-06	0.25	0.25	1e-06	1e-06	1e-06
1e-06	0.25	0.25	1e-06	0.5	1e-06	1e-06	1e-06	1e-06
1e-06	0.25	0.25	0.25	1e-06	1e-06	1e-06	1e-06	0.25
1e-06	0.25	0.25	0.25	1e-06	1e-06	1e-06	0.25	1e-06
1e-06	0.25	0.25	0.25	1e-06	1e-06	0.25	1e-06	1e-06
1e-06	0.25	0.25	0.25	1e-06	0.25	1e-06	1e-06	1e-06
1e-06	0.25	0.25	0.25	0.25	1e-06	1e-06	1e-06	1e-06
1e-06	0.25	0.25	0.5	1e-06	1e-06	1e-06	1e-06	1e-06
1e-06	0.25	0.5	1e-06	1e-06	1e-06	1e-06	1e-06	0.25
1e-06	0.25	0.5	1e-06	1e-06	1e-06	1e-06	0.25	1e-06
1e-06	0.25	0.5	1e-06	1e-06	1e-06	0.25	1e-06	1e-06
1e-06	0.25	0.5	1e-06	1e-06	0.25	1e-06	1e-06	1e-06
1e-06	0.25	0.5	1e-06	0.25	1e-06	1e-06	1e-06	1e-06
1e-06	0.25	0.5	0.25	1e-06	1e-06	1e-06	1e-06	1e-06
1e-06	0.25	0.75	1e-06	1e-06	1e-06	1e-06	1e-06	1e-06
1e-06	0.5	1e-06	1e-06	1e-06	1e-06	1e-06	1e-06	0.5
1e-06	0.5	1e-06	1e-06	1e-06	1e-06	1e-06	0.25	0.25
1e-06	0.5	1e-06	1e-06	1e-06	1e-06	1e-06	0.5	1e-06
1e-06	0.5	1e-06	1e-06	1e-06	1e-06	0.25	1e-06	0.25
1e-06	0.5	1e-06	1e-06	1e-06	1e-06	0.25	0.25	1e-06
1e-06	0.5	1e-06	1e-06	1e-06	1e-06	0.5	1e-06	1e-06
1e-06	0.5	1e-06	1e-06	1e-06	0.25	1e-06	1e-06	0.25
1e-06	0.5	1e-06	1e-06	1e-06	0.25	1e-06	0.25	1e-06
1e-06	0.5	1e-06	1e-06	1e-06	0.25	0.25	1e-06	1e-06
1e-06	0.5	1e-06	1e-06	1e-06	0.5	1e-06	1e-06	1e-06
1e-06	0.5	1e-06	1e-06	0.25	1e-06	1e-06	1e-06	0.25
1e-06	0.5	1e-06	1e-06	0.25	1e-06	1e-06	0.25	1e-06
1e-06	0.5	1e-06	1e-06	0.25	1e-06	0.25	1e-06	1e-06
1e-06	0.5	1e-06	1e-06	0.25	0.25	1e-06	1e-06	1e-06
1e-06	0.5	1e-06	1e-06	0.5	1e-06	1e-06	1e-06	1e-06
1e-06	0.5	1e-06	0.25	1e-06	1e-06	1e-06	1e-06	0.25
1e-06	0.5	1e-06	0.25	1e-06	1e-06	1e-06	0.25	1e-06
1e-06	0.5	1e-06	0.25	1e-06	1e-06	0.25	1e-06	1e-06
1e-06	0.5	1e-06	0.25	1e-06	0.25	1e-06	1e-06	1e-06
1e-06	0.5	1e-06	0.25	0.25	1e-06	1e-06	1e-06	1e-06
1e-06	0.5	1e-06	0.5	1e-06	1e-06	1e-06	1e-06	1e-06
1e-06	0.5	0.25	1e-06	1e-06	1e-06	1e-06	1e-06	0.25
1e-06	0.5	0.25	1e-06	1e-06	1e-06	1e-06	0.25	1e-06
1e-06	0.5	0.25	1e-06	1e-06	1e-06	0.25	1e-06	1e-06
1e-06	0.5	0.25	1e-06	1e-06	0.25	1e-06	1e-06	1e-06
1e-06	0.5	0.25	1e-06	0.25	1e-06	1e-06	1e-06	1e-06
1e-06	0.5	0.25	0.25	1e-06	1e-06	1e-06	1e-06	1e-06
1e-06	0.5	0.5	1e-06	1e-06	1e-06	1e-06	1e-06	1e-06
1e-06	0.75	1e-06	1e-06	1e-06	1e-06	1e-06	1e-06	0.25
1e-06	0.75	1e-06	1e-06	1e-06	1e-06	1e-06	0.25	1e-06
1e-06	0.75	1e-06	1e-06	1e-06	1e-06	0.25	1e-06	1e-06
1e-06	0.75	1e-06	1e-06	1e-06	0.25	1e-06	1e-06	1e-06
1e-06	0.75	1e-06	1e-06	0.25	1e-06	1e-06	1e-06	1e-06
1e-06	0.75	1e-06	0.25	1e-06	1e-06	1e-06	1e-06	1e-06
1e-06	0.75	0.25	1e-06	1e-06	1e-06	1e-06	1e-06	1e-06
1e-06	1	1e-06	1e-06	1e-06	1e-06	1e-06	1e-06	1e-06
0.25	1e-06	1e-06	1e-06	1e-06	1e-06	1e-06	1e-06	0.75
0.25	1e-06	1e-06	1e-06	1e-06	1e-06	1e-06	0.25	0.5
0.25	1e-06	1e-06	1e-06	1e-06	1e-06	1e-06	0.5	0.25
0.25	1e-06	1e-06	1e-06	1e-06	1e-06	1e-06	0.75	1e-06
0.25	1e-06	1e-06	1e-06	1e-06	1e-06	0.25	1e-06	0.5
0.25	1e-06	1e-06	1e-06	1e-06	1e-06	0.25	0.25	0.25
0.25	1e-06	1e-06	1e-06	1e-06	1e-06	0.25	0.5	1e-06
0.25	1e-06	1e-06	1e-06	1e-06	1e-06	0.5	1e-06	0.25
0.25	1e-06	1e-06	1e-06	1e-06	1e-06	0.5	0.25	1e-06
0.25	1e-06	1e-06	1e-06	1e-06	1e-06	0.75	1e-06	1e-06
0.25	1e-06	1e-06	1e-06	1e-06	0.25	1e-06	1e-06	0.5
0.25	1e-06	1e-06	1e-06	1e-06	0.25	1e-06	0.25	0.25
0.25	1e-06	1e-06	1e-06	1e-06	0.25	1e-06	0.5	1e-06
0.25	1e-06	1e-06	1e-06	1e-06	0.25	0.25	1e-06	0.25
0.25	1e-06	1e-06	1e-06	1e-06	0.25	0.25	0.25	1e-06
0.25	1e-06	1e-06	1e-06	1e-06	0.25	0.5	1e-06	1e-06
0.25	1e-06	1e-06	1e-06	1e-06	0.5	1e-06	1e-06	0.25
0.25	1e-06	1e-06	1e-06	1e-06	0.5	1e-06	0.25	1e-06
0.25	1e-06	1e-06	1e-06	1e-06	0.5	0.25	1e-06	1e-06
0.25	1e-06	1e-06	1e-06	1e-06	0.75	1e-06	1e-06	1e-06
0.25	1e-06	1e-06	1e-06	0.25	1e-06	1e-06	1e-06	0.5
0.25	1e-06	1e-06	1e-06	0.25	1e-06	1e-06	0.25	0.25
0.25	1e-06	1e-06	1e-06	0.25	1e-06	1e-06	0.5	1e-06
0.25	1e-06	1e-06	1e-06	0.25	1e-06	0.25	1e-06	0.25
0.25	1e-06	1e-06	1e-06	0.25	1e-06	0.25	0.25	1e-06
0.25	1e-06	1e-06	1e-06	0.25	1e-06	0.5	1e-06	1e-06
0.25	1e-06	1e-06	1e-06	0.25	0.25	1e-06	1e-06	0.25
0.25	1e-06	1e-06	1e-06	0.25	0.25	1e-06	0.25	1e-06
0.25	1e-06	1e-06	1e-06	0.25	0.25	0.25	1e-06	1e-06
0.25	1e-06	1e-06	1e-06	0.25	0.5	1e-06	1e-06	1e-06
0.25	1e-06	1e-06	1e-06	0.5	1e-06	1e-06	1e-06	0.25
0.25	1e-06	1e-06	1e-06	0.5	1e-06	1e-06	0.25	1e-06
0.25	1e-06	1e-06	1e-06	0.5	1e-06	0.25	1e-06	1e-06
0.25	1e-06	1e-06	1e-06	0.5	0.25	1e-06	1e-06	1e-06
0.25	1e-06	1e-06	1e-06	0.75	1e-06	1e-06	1e-06	1e-06
0.25	1e-06	1e-06	0.25	1e-06	1e-06	1e-06	1e-06	0.5
0.25	1e-06	1e-06	0.25	1e-06	1e-06	1e-06	0.25	0.25
0.25	1e-06	1e-06	0.25	1e-06	1e-06	1e-06	0.5	1e-06
0.25	1e-06	1e-06	0.25	1e-06	1e-06	0.25	1e-06	0.25
0.25	1e-06	1e-06	0.25	1e-06	1e-06	0.25	0.25	1e-06
0.25	1e-06	1e-06	0.25	1e-06	1e-06	0.5	1e-06	1e-06
0.25	1e-06	1e-06	0.25	1e-06	0.25	1e-06	1e-06	0.25
0.25	1e-06	1e-06	0.25	1e-06	0.25	1e-06	0.25	1e-06
0.25	1e-06	1e-06	0.25	1e-06	0.25	0.25	1e-06	1e-06
0.25	1e-06	1e-06	0.25	1e-06	0.5	1e-06	1e-06	1e-06
0.25	1e-06	1e-06	0.25	0.25	1e-06	1e-06	1e-06	0.25
0.25	1e-06	1e-06	0.25	0.25	1e-06	1e-06	0.25	1e-06
0.25	1e-06	1e-06	0.25	0.25	1e-06	0.25	1e-06	1e-06
0.25	1e-06	1e-06	0.25	0.25	0.25	1e-06	1e-06	1e-06
0.25	1e-06	1e-06	0.25	0.5	1e-06	1e-06	1e-06	1e-06
0.25	1e-06	1e-06	0.5	1e-06	1e-06	1e-06	1e-06	0.25
0.25	1e-06	1e-06	0.5	1e-06	1e-06	1e-06	0.25	1e-06
0.25	1e-06	1e-06	0.5	1e-06	1e-06	0.25	1e-06	1e-06
0.25	1e-06	1e-06	0.5	1e-06	0.25	1e-06	1e-06	1e-06
0.25	1e-06	1e-06	0.5	0.25	1e-06	1e-06	1e-06	1e-06
0.25	1e-06	1e-06	0.75	1e-06	1e-06	1e-06	1e-06	1e-06
0.25	1e-06	0.25	1e-06	1e-06	1e-06	1e-06	1e-06	0.5
0.25	1e-06	0.25	1e-06	1e-06	1e-06	1e-06	0.25	0.25
0.25	1e-06	0.25	1e-06	1e-06	1e-06	1e-06	0.5	1e-06
0.25	1e-06	0.25	1e-06	1e-06	1e-06	0.25	1e-06	0.25
0.25	1e-06	0.25	1e-06	1e-06	1e-06	0.25	0.25	1e-06
0.25	1e-06	0.25	1e-06	1e-06	1e-06	0.5	1e-06	1e-06
0.25	1e-06	0.25	1e-06	1e-06	0.25	1e-06	1e-06	0.25
0.25	1e-06	0.25	1e-06	1e-06	0.25	1e-06	0.25	1e-06
0.25	1e-06	0.25	1e-06	1e-06	0.25	0.25	1e-06	1e-06
0.25	1e-06	0.25	1e-06	1e-06	0.5	1e-06	1e-06	1e-06
0.25	1e-06	0.25	1e-06	0.25	1e-06	1e-06	1e-06	0.25
0.25	1e-06	0.25	1e-06	0.25	1e-06	1e-06	0.25	1e-06
0.25	1e-06	0.25	1e-06	0.25	1e-06	0.25	1e-06	1e-06
0.25	1e-06	0.25	1e-06	0.25	0.25	1e-06	1e-06	1e-06
0.25	1e-06	0.25	1e-06	0.5	1e-06	1e-06	1e-06	1e-06
0.25	1e-06	0.25	0.25	1e-06	1e-06	1e-06	1e-06	0.25
0.25	1e-06	0.25	0.25	1e-06	1e-06	1e-06	0.25	1e-06
0.25	1e-06	0.25	0.25	1e-06	1e-06	0.25	1e-06	1e-06
0.25	1e-06	0.25	0.25	1e-06	0.25	1e-06	1e-06	1e-06
0.25	1e-06	0.25	0.25	0.25	1e-06	1e-06	1e-06	1e-06
0.25	1e-06	0.25	0.5	1e-06	1e-06	1e-06	1e-06	1e-06
0.25	1e-06	0.5	1e-06	1e-06	1e-06	1e-06	1e-06	0.25
0.25	1e-06	0.5	1e-06	1e-06	1e-06	1e-06	0.25	1e-06
0.25	1e-06	0.5	1e-06	1e-06	1e-06	0.25	1e-06	1e-06
0.25	1e-06	0.5	1e-06	1e-06	0.25	1e-06	1e-06	1e-06
0.25	1e-06	0.5	1e-06	0.25	1e-06	1e-06	1e-06	1e-06
0.25	1e-06	0.5	0.25	1e-06	1e-06	1e-06	1e-06	1e-06
0.25	1e-06	0.75	1e-06	1e-06	1e-06	1e-06	1e-06	1e-06
0.25	0.25	1e-06	1e-06	1e-06	1e-06	1e-06	1e-06	0.5
0.25	0.25	1e-06	1e-06	1e-06	1e-06	1e-06	0.25	0.25
0.25	0.25	1e-06	1e-06	1e-06	1e-06	1e-06	0.5	1e-06
0.25	0.25	1e-06	1e-06	1e-06	1e-06	0.25	1e-06	0.25
0.25	0.25	1e-06	1e-06	1e-06	1e-06	0.25	0.25	1e-06
0.25	0.25	1e-06	1e-06	1e-06	1e-06	0.5	1e-06	1e-06
0.25	0.25	1e-06	1e-06	1e-06	0.25	1e-06	1e-06	0.25
0.25	0.25	1e-06	1e-06	1e-06	0.25	1e-06	0.25	1e-06
0.25	0.25	1e-06	1e-06	1e-06	0.25	0.25	1e-06	1e-06
0.25	0.25	1e-06	1e-06	1e-06	0.5	1e-06	1e-06	1e-06
0.25	0.25	1e-06	1e-06	0.25	1e-06	1e-06	1e-06	0.25
0.25	0.25	1e-06	1e-06	0.25	1e-06	1e-06	0.25	1e-06
0.25	0.25	1e-06	1e-06	0.25	1e-06	0.25	1e-06	1e-06
0.25	0.25	1e-06	1e-06	0.25	0.25	1e-06	1e-06	1e-06
0.25	0.25	1e-06	1e-06	0.5	1e-06	1e-06	1e-06	1e-06
0.25	0.25	1e-06	0.25	1e-06	1e-06	1e-06	1e-06	0.25
0.25	0.25	1e-06	0.25	1e-06	1e-06	1e-06	0.25	1e-06
0.25	0.25	1e-06	0.25	1e-06	1e-06	0.25	1e-06	1e-06
0.25	0.25	1e-06	0.25	1e-06	0.25	1e-06	1e-06	1e-06
0.25	0.25	1e-06	0.25	0.25	1e-06	1e-06	1e-06	1e-06
0.25	0.25	1e-06	0.5	1e-06	1e-06	1e-06	1e-06	1e-06
0.25	0.25	0.25	1e-06	1e-06	1e-06	1e-06	1e-06	0.25
0.25	0.25	0.25	1e-06	1e-06	1e-06	1e-06	0.25	1e-06
0.25	0.25	0.25	1e-06	1e-06	1e-06	0.25	1e-06	1e-06
0.25	0.25	0.25	1e-06	1e-06	0.25	1e-06	1e-06	1e-06
0.25	0.25	0.25	1e-06	0.25	1e-06	1e-06	1e-06	1e-06
0.25	0.25	0.25	0.25	1e-06	1e-06	1e-06	1e-06	1e-06
0.25	0.25	0.5	1e-06	1e-06	1e-06	1e-06	1e-06	1e-06
0.25	0.5	1e-06	1e-06	1e-06	1e-06	1e-06	1e-06	0.25
0.25	0.5	1e-06	1e-06	1e-06	1e-06	1e-06	0.25	1e-06
0.25	0.5	1e-06	1e-06	1e-06	1e-06	0.25	1e-06	1e-06
0.25	0.5	1e-06	1e-06	1e-06	0.25	1e-06	1e-06	1e-06
0.25	0.5	1e-06	1e-06	0.25	1e-06	1e-06	1e-06	1e-06
0.25	0.5	1e-06	0.25	1e-06	1e-06	1e-06	1e-06	1e-06
0.25	0.5	0.25	1e-06	1e-06	1e-06	1e-06	1e-06	1e-06
0.25	0.75	1e-06	1e-06	1e-06	1e-06	1e-06	1e-06	1e-06
0.5	1e-06	1e-06	1e-06	1e-06	1e-06	1e-06	1e-06	0.5
0.5	1e-06	1e-06	1e-06	1e-06	1e-06	1e-06	0.25	0.25
0.5	1e-06	1e-06	1e-06	1e-06	1e-06	1e-06	0.5	1e-06
0.5	1e-06	1e-06	1e-06	1e-06	1e-06	0.25	1e-06	0.25
0.5	1e-06	1e-06	1e-06	1e-06	1e-06	0.25	0.25	1e-06
0.5	1e-06	1e-06	1e-06	1e-06	1e-06	0.5	1e-06	1e-06
0.5	1e-06	1e-06	1e-06	1e-06	0.25	1e-06	1e-06	0.25
0.5	1e-06	1e-06	1e-06	1e-06	0.25	1e-06	0.25	1e-06
0.5	1e-06	1e-06	1e-06	1e-06	0.25	0.25	1e-06	1e-06
0.5	1e-06	1e-06	1e-06	1e-06	0.5	1e-06	1e-06	1e-06
0.5	1e-06	1e-06	1e-06	0.25	1e-06	1e-06	1e-06	0.25
0.5	1e-06	1e-06	1e-06	0.25	1e-06	1e-06	0.25	1e-06
0.5	1e-06	1e-06	1e-06	0.25	1e-06	0.25	1e-06	1e-06
0.5	1e-06	1e-06	1e-06	0.25	0.25	1e-06	1e-06	1e-06
0.5	1e-06	1e-06	1e-06	0.5	1e-06	1e-06	1e-06	1e-06
0.5	1e-06	1e-06	0.25	1e-06	1e-06	1e-06	1e-06	0.25
0.5	1e-06	1e-06	0.25	1e-06	1e-06	1e-06	0.25	1e-06
0.5	1e-06	1e-06	0.25	1e-06	1e-06	0.25	1e-06	1e-06
0.5	1e-06	1e-06	0.25	1e-06	0.25	1e-06	1e-06	1e-06
0.5	1e-06	1e-06	0.25	0.25	1e-06	1e-06	1e-06	1e-06
0.5	1e-06	1e-06	0.5	1e-06	1e-06	1e-06	1e-06	1e-06
0.5	1e-06	0.25	1e-06	1e-06	1e-06	1e-06	1e-06	0.25
0.5	1e-06	0.25	1e-06	1e-06	1e-06	1e-06	0.25	1e-06
0.5	1e-06	0.25	1e-06	1e-06	1e-06	0.25	1e-06	1e-06
0.5	1e-06	0.25	1e-06	1e-06	0.25	1e-06	1e-06	1e-06
0.5	1e-06	0.25	1e-06	0.25	1e-06	1e-06	1e-06	1e-06
0.5	1e-06	0.25	0.25	1e-06	1e-06	1e-06	1e-06	1e-06
0.5	1e-06	0.5	1e-06	1e-06	1e-06	1e-06	1e-06	1e-06
0.5	0.25	1e-06	1e-06	1e-06	1e-06	1e-06	1e-06	0.25
0.5	0.25	1e-06	1e-06	1e-06	1e-06	1e-06	0.25	1e-06
0.5	0.25	1e-06	1e-06	1e-06	1e-06	0.25	1e-06	1e-06
0.5	0.25	1e-06	1e-06	1e-06	0.25	1e-06	1e-06	1e-06
0.5	0.25	1e-06	1e-06	0.25	1e-06	1e-06	1e-06	1e-06
0.5	0.25	1e-06	0.25	1e-06	1e-06	1e-06	1e-06	1e-06
0.5	0.25	0.25	1e-06	1e-06	1e-06	1e-06	1e-06	1e-06
0.5	0.5	1e-06	1e-06	1e-06	1e-06	1e-06	1e-06	1e-06
0.75	1e-06	1e-06	1e-06	1e-06	1e-06	1e-06	1e-06	0.25
0.75	1e-06	1e-06	1e-06	1e-06	1e-06	1e-06	0.25	1e-06
0.75	1e-06	1e-06	1e-06	1e-06	1e-06	0.25	1e-06	1e-06
0.75	1e-06	1e-06	1e-06	1e-06	0.25	1e-06	1e-06	1e-06
0.75	1e-06	1e-06	1e-06	0.25	1e-06	1e-06	1e-06	1e-06
0.75	1e-06	1e-06	0.25	1e-06	1e-06	1e-06	1e-06	1e-06
0.75	1e-06	0.25	1e-06	1e-06	1e-06	1e-06	1e-06	1e-06
0.75	0.25	1e-06	1e-06	1e-06	1e-06	1e-06	1e-06	1e-06
1	1e-06	1e-06	1e-06	1e-06	1e-06	1e-06	1e-06	1e-06
