0.0666666666666667	0.0666666666666667	0.0666666666666667	0.0666666666666667	0.0666666666666667	0.0666666666666667	0.0666666666666667	0.0666666666666667	0.0666666666666667	0.0666666666666667	0.0666666666666667	0.0666666666666667	0.0666666666666667	0.0666666666666667	0.0666666666666667
0.0333333333333333	0.0333333333333333	0.0333333333333333	0.0333333333333333	0.0333333333333333	0.0333333333333333	0.0333333333333333	0.0333333333333333	0.0333333333333333	0.0333333333333333	0.0333333333333333	0.0333333333333333	0.0333333333333333	0.0333333333333333	0.533333333333333
0.0333333333333333	0.0333333333333333	0.0333333333333333	0.0333333333333333	0.0333333333333333	0.0333333333333333	0.0333333333333333	0.0333333333333333	0.0333333333333333	0.0333333333333333	0.0333333333333333	0.0333333333333333	0.0333333333333333	0.533333333333333	0.0333333333333333
0.0333333333333333	0.0333333333333333	0.0333333333333333	0.0333333333333333	0.0333333333333333	0.0333333333333333	0.0333333333333333	0.0333333333333333	0.0333333333333333	0.0333333333333333	0.0333333333333333	0.0333333333333333	0.533333333333333	0.0333333333333333	0.0333333333333333
0.0333333333333333	0.0333333333333333	0.0333333333333333	0.0333333333333333	0.0333333333333333	0.0333333333333333	0.0333333333333333	0.0333333333333333	0.0333333333333333	0.0333333333333333	0.0333333333333333	0.533333333333333	0.0333333333333333	0.0333333333333333	0.0333333333333333
0.0333333333333333	0.0333333333333333	0.0333333333333333	0.0333333333333333	0.0333333333333333	0.0333333333333333	0.0333333333333333	0.0333333333333333	0.0333333333333333	0.0333333333333333	0.533333333333333	0.0333333333333333	0.0333333333333333	0.0333333333333333	0.0333333333333333
0.0333333333333333	0.0333333333333333	0.0333333333333333	0.0333333333333333	0.0333333333333333	0.0333333333333333	0.0333333333333333	0.0333333333333333	0.0333333333333333	0.533333333333333	0.0333333333333333	0.0333333333333333	0.0333333333333333	0.0333333333333333	0.0333333333333333
0.0333333333333333	0.0333333333333333	0.0333333333333333	0.0333333333333333	0.0333333333333333	0.0333333333333333	0.0333333333333333	0.0333333333333333	0.533333333333333	0.0333333333333333	0.0333333333333333	0.0333333333333333	0.0333333333333333	0.0333333333333333	0.0333333333333333
0.0333333333333333	0.0333333333333333	0.0333333333333333	0.0333333333333333	0.0333333333333333	0.0333333333333333	0.0333333333333333	0.533333333333333	0.0333333333333333	0.0333333333333333	0.0333333333333333	0.0333333333333333	0.0333333333333333	0.0333333333333333	0.0333333333333333
0.0333333333333333	0.0333333333333333	0.0333333333333333	0.0333333333333333	0.0333333333333333	0.0333333333333333	0.533333333333333	0.0333333333333333	0.0333333333333333	0.0333333333333333	0.0333333333333333	0.0333333333333333	0.0333333333333333	0.0333333333333333	0.0333333333333333
0.0333333333333333	0.0333333333333333	0.0333333333333333	0.0333333333333333	0.0333333333333333	0.533333333333333	0.0333333333333333	0.0333333333333333	0.0333333333333333	0.0333333333333333	0.0333333333333333	0.0333333333333333	0.0333333333333333	0.0333333333333333	0.0333333333333333
0.0333333333333333	0.0333333333333333	0.0333333333333333	0.0333333333333333	0.533333333333333	0.0333333333333333	0.0333333333333333	0.0333333333333333	0.0333333333333333	0.0333333333333333	0.0333333333333333	0.0333333333333333	0.0333333333333333	0.0333333333333333	0.0333333333333333
0.0333333333333333	0.0333333333333333	0.0333333333333333	0.533333333333333	0.0333333333333333	0.0333333333333333	0.0333333333333333	0.0333333333333333	0.0333333333333333	0.0333333333333333	0.0333333333333333	0.0333333333333333	0.0333333333333333	0.0333333333333333	0.0333333333333333
0.0333333333333333	0.0333333333333333	0.533333333333333	0.0333333333333333	0.0333333333333333	0.0333333333333333	0.0333333333333333	0.0333333333333333	0.0333333333333333	0.0333333333333333	0.0333333333333333	0.0333333333333333	0.0333333333333333	0.0333333333333333	0.0333333333333333
0.0333333333333333	0.533333333333333	0.0333333333333333	0.0333333333333333	0.0333333333333333	0.0333333333333333	0.0333333333333333	0.0333333333333333	0.0333333333333333	0.0333333333333333	0.0333333333333333	0.0333333333333333	0.0333333333333333	0.0333333333333333	0.0333333333333333
0.533333333333333	0.0333333333333333	0.0333333333333333	0.0333333333333333	0.0333333333333333	0.0333333333333333	0.0333333333333333	0.0333333333333333	0.0333333333333333	0.0333333333333333	0.0333333333333333	0.0333333333333333	0.0333333333333333	0.0333333333333333	0.0333333333333333
1e-06	1e-06	1e-06	1e-06	1e-06	1e-06	1e-06	1e-06	1e-06	1e-06	1e-06	1e-06	1e-06	1e-06	1
1e-06	1e-06	1e-06	1e-06	1e-06	1e-06	1e-06	1e-06	1e-06	1e-06	1e-06	1e-06	1e-06	0.5	0.5
1e-06	1e-06	1e-06	1e-06	1e-06	1e-06	1e-06	1e-06	1e-06	1e-06	1e-06	1e-06	1e-06	1	1e-06
1e-06	1e-06	1e-06	1e-06	1e-06	1e-06	1e-06	1e-06	1e-06	1e-06	1e-06	1e-06	0.5	1e-06	0.5
1e-06	1e-06	1e-06	1e-06	1e-06	1e-06	1e-06	1e-06	1e-06	1e-06	1e-06	1e-06	0.5	0.5	1e-06
1e-06	1e-06	1e-06	1e-06	1e-06	1e-06	1e-06	1e-06	1e-06	1e-06	1e-06	1e-06	1	1e-06	1e-06
1e-06	1e-06	1e-06	1e-06	1e-06	1e-06	1e-06	1e-06	1e-06	1e-06	1e-06	0.5	1e-06	1e-06	0.5
1e-06	1e-06	1e-06	1e-06	1e-06	1e-06	1e-06	1e-06	1e-06	1e-06	1e-06	0.5	1e-06	0.5	1e-06
1e-06	1e-06	1e-06	1e-06	1e-06	1e-06	1e-06	1e-06	1e-06	1e-06	1e-06	0.5	0.5	1e-06	1e-06
1e-06	1e-06	1e-06	1e-06	1e-06	1e-06	1e-06	1e-06	1e-06	1e-06	1e-06	1	1e-06	1e-06	1e-06
1e-06	1e-06	1e-06	1e-06	1e-06	1e-06	1e-06	1e-06	1e-06	1e-06	0.5	1e-06	1e-06	1e-06	0.5
1e-06	1e-06	1e-06	1e-06	1e-06	1e-06	1e-06	1e-06	1e-06	1e-06	0.5	1e-06	1e-06	0.5	1e-06
1e-06	1e-06	1e-06	1e-06	1e-06	1e-06	1e-06	1e-06	1e-06	1e-06	0.5	1e-06	0.5	1e-06	1e-06
1e-06	1e-06	1e-06	1e-06	1e-06	1e-06	1e-06	1e-06	1e-06	1e-06	0.5	0.5	1e-06	1e-06	1e-06
1e-06	1e-06	1e-06	1e-06	1e-06	1e-06	1e-06	1e-06	1e-06	1e-06	1	1e-06	1e-06	1e-06	1e-06
1e-06	1e-06	1e-06	1e-06	1e-06	1e-06	1e-06	1e-06	1e-06	0.5	1e-06	1e-06	1e-06	1e-06	0.5
1e-06	1e-06	1e-06	1e-06	1e-06	1e-06	1e-06	1e-06	1e-06	0.5	1e-06	1e-06	1e-06	0.5	1e-06
1e-06	1e-06	1e-06	1e-06	1e-06	1e-06	1e-06	1e-06	1e-06	0.5	1e-06	1e-06	0.5	1e-06	1e-06
1e-06	1e-06	1e-06	1e-06	1e-06	1e-06	1e-06	1e-06	1e-06	0.5	1e-06	0.5	1e-06	1e-06	1e-06
1e-06	1e-06	1e-06	1e-06	1e-06	1e-06	1e-06	1e-06	1e-06	0.5	0.5	1e-06	1e-06	1e-06	1e-06
1e-06	1e-06	1e-06	1e-06	1e-06	1e-06	1e-06	1e-06	1e-06	1	1e-06	1e-06	1e-06	1e-06	1e-06
1e-06	1e-06	1e-06	1e-06	1e-06	1e-06	1e-06	1e-06	0.5	1e-06	1e-06	1e-06	1e-06	1e-06	0.5
1e-06	1e-06	1e-06	1e-06	1e-06	1e-06	1e-06	1e-06	0.5	1e-06	1e-06	1e-06	1e-06	0.5	1e-06
1e-06	1e-06	1e-06	1e-06	1e-06	1e-06	1e-06	1e-06	0.5	1e-06	1e-06	1e-06	0.5	1e-06	1e-06
1e-06	1e-06	1e-06	1e-06	1e-06	1e-06	1e-06	1e-06	0.5	1e-06	1e-06	0.5	1e-06	1e-06	1e-06
1e-06	1e-06	1e-06	1e-06	1e-06	1e-06	1e-06	1e-06	0.5	1e-06	0.5	1e-06	1e-06	1e-06	1e-06
1e-06	1e-06	1e-06	1e-06	1e-06	1e-06	1e-06	1e-06	0.5	0.5	1e-06	1e-06	1e-06	1e-06	1e-06
1e-06	1e-06	1e-06	1e-06	1e-06	1e-06	1e-06	1e-06	1	1e-06	1e-06	1e-06	1e-06	1e-06	1e-06
1e-06	1e-06	1e-06	1e-06	1e-06	1e-06	1e-06	0.5	1e-06	1e-06	1e-06	1e-06	1e-06	1e-06	0.5
1e-06	1e-06	1e-06	1e-06	1e-06	1e-06	1e-06	0.5	1e-06	1e-06	1e-06	1e-06	1e-06	0.5	1e-06
1e-06	1e-06	1e-06	1e-06	1e-06	1e-06	1e-06	0.5	1e-06	1e-06	1e-06	1e-06	0.5	1e-06	1e-06
1e-06	1e-06	1e-06	1e-06	1e-06	1e-06	1e-06	0.5	1e-06	1e-06	1e-06	0.5	1e-06	1e-06	1e-06
1e-06	1e-06	1e-06	1e-06	1e-06	1e-06	1e-06	0.5	1e-06	1e-06	0.5	1e-06	1e-06	1e-06	1e-06
1e-06	1e-06	1e-06	1e-06	1e-06	1e-06	1e-06	0.5	1e-06	0.5	1e-06	1e-06	1e-06	1e-06	1e-06
1e-06	1e-06	1e-06	1e-06	1e-06	1e-06	1e-06	0.5	0.5	1e-06	1e-06	1e-06	1e-06	1e-06	1e-06
1e-06	1e-06	1e-06	1e-06	1e-06	1e-06	1e-06	1	1e-06	1e-06	1e-06	1e-06	1e-06	1e-06	1e-06
1e-06	1e-06	1e-06	1e-06	1e-06	1e-06	0.5	1e-06	1e-06	1e-06	1e-06	1e-06	1e-06	1e-06	0.5
1e-06	1e-06	1e-06	1e-06	1e-06	1e-06	0.5	1e-06	1e-06	1e-06	1e-06	1e-06	1e-06	0.5	1e-06
1e-06	1e-06	1e-06	1e-06	1e-06	1e-06	0.5	1e-06	1e-06	1e-06	1e-06	1e-06	0.5	1e-06	1e-06
1e-06	1e-06	1e-06	1e-06	1e-06	1e-06	0.5	1e-06	1e-06	1e-06	1e-06	0.5	1e-06	1e-06	1e-06
1e-06	1e-06	1e-06	1e-06	1e-06	1e-06	0.5	1e-06	1e-06	1e-06	0.5	1e-06	1e-06	1e-06	1e-06
1e-06	1e-06	1e-06	1e-06	1e-06	1e-06	0.5	1e-06	1e-06	0.5	1e-06	1e-06	1e-06	1e-06	1e-06
1e-06	1e-06	1e-06	1e-06	1e-06	1e-06	0.5	1e-06	0.5	1e-06	1e-06	1e-06	1e-06	1e-06	1e-06
1e-06	1e-06	1e-06	1e-06	1e-06	1e-06	0.5	0.5	1e-06	1e-06	1e-06	1e-06	1e-06	1e-06	1e-06
1e-06	1e-06	1e-06	1e-06	1e-06	1e-06	1	1e-06	1e-06	1e-06	1e-06	1e-06	1e-06	1e-06	1e-06
1e-06	1e-06	1e-06	1e-06	1e-06	0.5	1e-06	1e-06	1e-06	1e-06	1e-06	1e-06	1e-06	1e-06	0.5
1e-06	1e-06	1e-06	1e-06	1e-06	0.5	1e-06	1e-06	1e-06	1e-06	1e-06	1e-06	1e-06	0.5	1e-06
1e-06	1e-06	1e-06	1e-06	1e-06	0.5	1e-06	1e-06	1e-06	1e-06	1e-06	1e-06	0.5	1e-06	1e-06
1e-06	1e-06	1e-06	1e-06	1e-06	0.5	1e-06	1e-06	1e-06	1e-06	1e-06	0.5	1e-06	1e-06	1e-06
1e-06	1e-06	1e-06	1e-06	1e-06	0.5	1e-06	1e-06	1e-06	1e-06	0.5	1e-06	1e-06	1e-06	1e-06
1e-06	1e-06	1e-06	1e-06	1e-06	0.5	1e-06	1e-06	1e-06	0.5	1e-06	1e-06	1e-06	1e-06	1e-06
1e-06	1e-06	1e-06	1e-06	1e-06	0.5	1e-06	1e-06	0.5	1e-06	1e-06	1e-06	1e-06	1e-06	1e-06
1e-06	1e-06	1e-06	1e-06	1e-06	0.5	1e-06	0.5	1e-06	1e-06	1e-06	1e-06	1e-06	1e-06	1e-06
1e-06	1e-06	1e-06	1e-06	1e-06	0.5	0.5	1e-06	1e-06	1e-06	1e-06	1e-06	1e-06	1e-06	1e-06
1e-06	1e-06	1e-06	1e-06	1e-06	1	1e-06	1e-06	1e-06	1e-06	1e-06	1e-06	1e-06	1e-06	1e-06
1e-06	1e-06	1e-06	1e-06	0.5	1e-06	1e-06	1e-06	1e-06	1e-06	1e-06	1e-06	1e-06	1e-06	0.5
1e-06	1e-06	1e-06	1e-06	0.5	1e-06	1e-06	1e-06	1e-06	1e-06	1e-06	1e-06	1e-06	0.5	1e-06
1e-06	1e-06	1e-06	1e-06	0.5	1e-06	1e-06	1e-06	1e-06	1e-06	1e-06	1e-06	0.5	1e-06	1e-06
1e-06	1e-06	1e-06	1e-06	0.5	1e-06	1e-06	1e-06	1e-06	1e-06	1e-06	0.5	1e-06	1e-06	1e-06
1e-06	1e-06	1e-06	1e-06	0.5	1e-06	1e-06	1e-06	1e-06	1e-06	0.5	1e-06	1e-06	1e-06	1e-06
1e-06	1e-06	1e-06	1e-06	0.5	1e-06	1e-06	1e-06	1e-06	0.5	1e-06	1e-06	1e-06	1e-06	1e-06
1e-06	1e-06	1e-06	1e-06	0.5	1e-06	1e-06	1e-06	0.5	1e-06	1e-06	1e-06	1e-06	1e-06	1e-06
1e-06	1e-06	1e-06	1e-06	0.5	1e-06	1e-06	0.5	1e-06	1e-06	1e-06	1e-06	1e-06	1e-06	1e-06
1e-06	1e-06	1e-06	1e-06	0.5	1e-06	0.5	1e-06	1e-06	1e-06	1e-06	1e-06	1e-06	1e-06	1e-06
1e-06	1e-06	1e-06	1e-06	0.5	0.5	1e-06	1e-06	1e-06	1e-06	1e-06	1e-06	1e-06	1e-06	1e-06
1e-06	1e-06	1e-06	1e-06	1	1e-06	1e-06	1e-06	1e-06	1e-06	1e-06	1e-06	1e-06	1e-06	1e-06
1e-06	1e-06	1e-06	0.5	1e-06	1e-06	1e-06	1e-06	1e-06	1e-06	1e-06	1e-06	1e-06	1e-06	0.5
1e-06	1e-06	1e-06	0.5	1e-06	1e-06	1e-06	1e-06	1e-06	1e-06	1e-06	1e-06	1e-06	0.5	1e-06
1e-06	1e-06	1e-06	0.5	1e-06	1e-06	1e-06	1e-06	1e-06	1e-06	1e-06	1e-06	0.5	1e-06	1e-06
1e-06	1e-06	1e-06	0.5	1e-06	1e-06	1e-06	1e-06	1e-06	1e-06	1e-06	0.5	1e-06	1e-06	1e-06
1e-06	1e-06	1e-06	0.5	1e-06	1e-06	1e-06	1e-06	1e-06	1e-06	0.5	1e-06	1e-06	1e-06	1e-06
1e-06	1e-06	1e-06	0.5	1e-06	1e-06	1e-06	1e-06	1e-06	0.5	1e-06	1e-06	1e-06	1e-06	1e-06
1e-06	1e-06	1e-06	0.5	1e-06	1e-06	1e-06	1e-06	0.5	1e-06	1e-06	1e-06	1e-06	1e-06	1e-06
1e-06	1e-06	1e-06	0.5	1e-06	1e-06	1e-06	0.5	1e-06	1e-06	1e-06	1e-06	1e-06	1e-06	1e-06
1e-06	1e-06	1e-06	0.5	1e-06	1e-06	0.5	1e-06	1e-06	1e-06	1e-06	1e-06	1e-06	1e-06	1e-06
1e-06	1e-06	1e-06	0.5	1e-06	0.5	1e-06	1e-06	1e-06	1e-06	1e-06	1e-06	1e-06	1e-06	1e-06
1e-06	1e-06	1e-06	0.5	0.5	1e-06	1e-06	1e-06	1e-06	1e-06	1e-06	1e-06	1e-06	1e-06	1e-06
1e-06	1e-06	1e-06	1	1e-06	1e-06	1e-06	1e-06	1e-06	1e-06	1e-06	1e-06	1e-06	1e-06	1e-06
1e-06	1e-06	0.5	1e-06	1e-06	1e-06	1e-06	1e-06	1e-06	1e-06	1e-06	1e-06	1e-06	1e-06	0.5
1e-06	1e-06	0.5	1e-06	1e-06	1e-06	1e-06	1e-06	1e-06	1e-06	1e-06	1e-06	1e-06	0.5	1e-06
1e-06	1e-06	0.5	1e-06	1e-06	1e-06	1e-06	1e-06	1e-06	1e-06	1e-06	1e-06	0.5	1e-06	1e-06
1e-06	1e-06	0.5	1e-06	1e-06	1e-06	1e-06	1e-06	1e-06	1e-06	1e-06	0.5	1e-06	1e-06	1e-06
1e-06	1e-06	0.5	1e-06	1e-06	1e-06	1e-06	1e-06	1e-06	1e-06	0.5	1e-06	1e-06	1e-06	1e-06
1e-06	1e-06	0.5	1e-06	1e-06	1e-06	1e-06	1e-06	1e-06	0.5	1e-06	1e-06	1e-06	1e-06	1e-06
1e-06	1e-06	0.5	1e-06	1e-06	1e-06	1e-06	1e-06	0.5	1e-06	1e-06	1e-06	1e-06	1e-06	1e-06
1e-06	1e-06	0.5	1e-06	1e-06	1e-06	1e-06	0.5	1e-06	1e-06	1e-06	1e-06	1e-06	1e-06	1e-06
1e-06	1e-06	0.5	1e-06	1e-06	1e-06	0.5	1e-06	1e-06	1e-06	1e-06	1e-06	1e-06	1e-06	1e-06
1e-06	1e-06	0.5	1e-06	1e-06	0.5	1e-06	1e-06	1e-06	1e-06	1e-06	1e-06	1e-06	1e-06	1e-06
1e-06	1e-06	0.5	1e-06	0.5	1e-06	1e-06	1e-06	1e-06	1e-06	1e-06	1e-06	1e-06	1e-06	1e-06
1e-06	1e-06	0.5	0.5	1e-06	1e-06	1e-06	1e-06	1e-06	1e-06	1e-06	1e-06	1e-06	1e-06	1e-06
1e-06	1e-06	1	1e-06	1e-06	1e-06	1e-06	1e-06	1e-06	1e-06	1e-06	1e-06	1e-06	1e-06	1e-06
1e-06	0.5	1e-06	1e-06	1e-06	1e-06	1e-06	1e-06	1e-06	1e-06	1e-06	1e-06	1e-06	1e-06	0.5
1e-06	0.5	1e-06	1e-06	1e-06	1e-06	1e-06	1e-06	1e-06	1e-06	1e-06	1e-06	1e-06	0.5	1e-06
1e-06	0.5	1e-06	1e-06	1e-06	1e-06	1e-06	1e-06	1e-06	1e-06	1e-06	1e-06	0.5	1e-06	1e-06
1e-06	0.5	1e-06	1e-06	1e-06	1e-06	1e-06	1e-06	1e-06	1e-06	1e-06	0.5	1e-06	1e-06	1e-06
1e-06	0.5	1e-06	1e-06	1e-06	1e-06	1e-06	1e-06	1e-06	1e-06	0.5	1e-06	1e-06	1e-06	1e-06
1e-06	0.5	1e-06	1e-06	1e-06	1e-06	1e-06	1e-06	1e-06	0.5	1e-06	1e-06	1e-06	1e-06	1e-06
1e-06	0.5	1e-06	1e-06	1e-06	1e-06	1e-06	1e-06	0.5	1e-06	1e-06	1e-06	1e-06	1e-06	1e-06
1e-06	0.5	1e-06	1e-06	1e-06	1e-06	1e-06	0.5	1e-06	1e-06	1e-06	1e-06	1e-06	1e-06	1e-06
1e-06	0.5	1e-06	1e-06	1e-06	1e-06	0.5	1e-06	1e-06	1e-06	1e-06	1e-06	1e-06	1e-06	1e-06
1e-06	0.5	1e-06	1e-06	1e-06	0.5	1e-06	1e-06	1e-06	1e-06	1e-06	1e-06	1e-06	1e-06	1e-06
1e-06	0.5	1e-06	1e-06	0.5	1e-06	1e-06	1e-06	1e-06	1e-06	1e-06	1e-06	1e-06	1e-06	1e-06
1e-06	0.5	1e-06	0.5	1e-06	1e-06	1e-06	1e-06	1e-06	1e-06	1e-06	1e-06	1e-06	1e-06	1e-06
1e-06	0.5	0.5	1e-06	1e-06	1e-06	1e-06	1e-06	1e-06	1e-06	1e-06	1e-06	1e-06	1e-06	1e-06
1e-06	1	1e-06	1e-06	1e-06	1e-06	1e-06	1e-06	1e-06	1e-06	1e-06	1e-06	1e-06	1e-06	1e-06
0.5	1e-06	1e-06	1e-06	1e-06	1e-06	1e-06	1e-06	1e-06	1e-06	1e-06	1e-06	1e-06	1e-06	0.5
0.5	1e-06	1e-06	1e-06	1e-06	1e-06	1e-06	1e-06	1e-06	1e-06	1e-06	1e-06	1e-06	0.5	1e-06
0.5	1e-06	1e-06	1e-06	1e-06	1e-06	1e-06	1e-06	1e-06	1e-06	1e-06	1e-06	0.5	1e-06	1e-06
0.5	1e-06	1e-06	1e-06	1e-06	1e-06	1e-06	1e-06	1e-06	1e-06	1e-06	0.5	1e-06	1e-06	1e-06
0.5	1e-06	1e-06	1e-06	1e-06	1e-06	1e-06	1e-06	1e-06	1e-06	0.5	1e-06	1e-06	1e-06	1e-06
0.5	1e-06	1e-06	1e-06	1e-06	1e-06	1e-06	1e-06	1e-06	0.5	1e-06	1e-06	1e-06	1e-06	1e-06
0.5	1e-06	1e-06	1e-06	1e-06	1e-06	1e-06	1e-06	0.5	1e-06	1e-06	1e-06	1e-06	1e-06	1e-06
0.5	1e-06	1e-06	1e-06	1e-06	1e-06	1e-06	0.5	1e-06	1e-06	1e-06	1e-06	1e-06	1e-06	1e-06
0.5	1e-06	1e-06	1e-06	1e-06	1e-06	0.5	1e-06	1e-06	1e-06	1e-06	1e-06	1e-06	1e-06	1e-06
0.5	1e-06	1e-06	1e-06	1e-06	0.5	1e-06	1e-06	1e-06	1e-06	1e-06	1e-06	1e-06	1e-06	1e-06
0.5	1e-06	1e-06	1e-06	0.5	1e-06	1e-06	1e-06	1e-06	1e-06	1e-06	1e-06	1e-06	1e-06	1e-06
0.5	1e-06	1e-06	0.5	1e-06	1e-06	1e-06	1e-06	1e-06	1e-06	1e-06	1e-06	1e-06	1e-06	1e-06
0.5	1e-06	0.5	1e-06	1e-06	1e-06	1e-06	1e-06	1e-06	1e-06	1e-06	1e-06	1e-06	1e-06	1e-06
0.5	0.5	1e-06	1e-06	1e-06	1e-06	1e-06	1e-06	1e-06	1e-06	1e-06	1e-06	1e-06	1e-06	1e-06
1	1e-06	1e-06	1e-06	1e-06	1e-06	1e-06	1e-06	1e-06	1e-06	1e-06	1e-06	1e-06	1e-06	1e-06
